0 18.2 182
10 27.9 461
20 25.6 717
30 31.3 1030
40 32.2 1352
50 26.8 1620
60 37.5 1995
70 44.4 2439
80 47 2909
90 44 3349
100 38.1 3730
110 44.5 4175
120 46.4 4639
130 44.3 5082
140 44.6 5528
150 43.3 5961
160 36.5 6326
170 37.1 6697
180 40.4 7101
190 39.8 7499
200 39.8 7897
210 38.4 8281
220 40.5 8686
230 35.8 9044
240 19.7 9241
250 4.1 9282
260 1.2 9294
270 0.4 9298
280 0.2 9300
290 0.2 9302
300 0 9302
310 0 9302
320 0 9302
330 0 9302
340 0 9302
350 0 9302
360 0 9302
370 0 9302
380 0 9302
390 0 9302
400 0 9302
410 0 9302
420 0 9302
430 0 9302
