0 0.3 3
10 1.9 22
20 6.8 90
30 7.8 168
40 9.2 260
50 12.1 381
60 11.8 499
70 14.4 643
80 16.6 809
90 19.2 1001
100 12.9 1130
110 18 1310
120 15.4 1464
130 19 1654
140 18.3 1837
150 15.7 1994
160 16.7 2161
170 14.3 2304
180 14.8 2452
190 20.3 2655
200 24.3 2898
210 22.9 3127
220 25 3377
230 26.4 3641
240 25.4 3895
250 16.6 4061
260 12.8 4189
270 7.9 4268
280 7.1 4339
290 5.4 4393
300 3.2 4425
310 2.4 4449
320 2.5 4474
330 1.3 4487
340 1 4497
350 0 4497
360 0.3 4500
370 0.1 4501
380 0.1 4502
390 0.1 4503
400 0 4503
410 0.2 4505
420 0 4505
430 0 4505
