0 13.9 2.8786656221897484 15.358135495190428 164.714111328125 0.633056640625 0 0
10 16.5 1.3209531841856057 0.905767454372038 164.714111328125 0.633056640625 2.8786656221897484 139
20 13.5 1.1830891927083333 0.7715228769501707 164.714111328125 0.6201171875 2.0331967002467106 304
30 15 1.357156575520833 1.560506256921061 164.714111328125 0.6201171875 1.7717741182018794 439
40 15.9 1.1722511915290879 0.40721628420401984 164.714111328125 0.6201171875 1.666183912086163 589
50 13 1.3019906850961542 1.122228381015943 164.714111328125 0.6201171875 1.5611901920746991 748
60 21.7 1.4211538288450463 2.2873866131173406 164.714111328125 0.6201171875 1.522812132954869 878
70 24.1 1.2329030650285275 1.568060859341247 164.714111328125 0.6201171875 1.502666149400685 1095
80 25.4 1.1934535709891736 0.8032972336482486 164.714111328125 0.6201171875 1.4540037966060066 1336
90 25.3 1.0795415946146232 0.2779157644269414 164.714111328125 0.6201171875 1.4123813077338836 1590
100 27.8 1.152630044401978 0.37123939683832297 164.714111328125 0.6201171875 1.3666903433176205 1843
110 27.5 1.1551571377840921 0.2792704538686066 164.714111328125 0.6201171875 1.3386334064489036 2121
120 26.4 1.2053555575284087 0.7980043164626464 164.714111328125 0.6201171875 1.3175749866313649 2396
130 31.2 1.0931779910356578 0.27123805037018484 164.714111328125 0.6201171875 1.306437419231673 2660
140 28.4 1.1717830174405819 0.7404242123588534 164.714111328125 0.6201171875 1.2840494846431276 2972
150 27.1 1.1342007682772135 0.30907051601548935 164.714111328125 0.6201171875 1.2742572006488024 3256
160 28.7 1.2866023791376306 1.2195029620759323 164.714111328125 0.615966796875 1.2634958473250995 3527
170 26.5 1.6045741818985855 3.5408274755103673 164.714111328125 0.615966796875 1.2652345926397812 3814
180 14.8 1.0816452438766886 0.8540628002794783 164.714111328125 0.615966796875 1.2872804350407578 4079
190 19.1 1.0166156229548424 0.2728529419427475 164.714111328125 0.615966796875 1.2800805277087772 4227
200 18.6 1.3027842531922038 1.9892189323956382 164.714111328125 0.615966796875 1.2686903518808004 4418
210 19 1.0047556023848687 0.6319214061147083 164.714111328125 0.615966796875 1.2700677336453359 4604
220 18.5 1.0678420608108108 0.49708492318833075 164.714111328125 0.615966796875 1.259552651263298 4794
230 17.6 0.9859771728515626 0.2654796366503917 164.714111328125 0.615966796875 1.252429441937387 4979
240 2.4 2.0563151041666665 4.876031557429998 164.714111328125 0.615966796875 1.243332332459384 5155
250 2.3 1.0495287024456519 0.26293913580751643 164.714111328125 0.615966796875 1.2470997753095432 5179
260 2.1 1.1245698474702384 0.23434063983230324 164.714111328125 0.615966796875 1.246226239231906 5202
270 2.2 1.0449884588068181 0.2545992396940325 164.714111328125 0.615966796875 1.2457370980818014 5223
280 3.4 1.0558723000919121 0.29178209197432814 164.714111328125 0.615966796875 1.2448950637511915 5245
290 2.4 1.798675537109375 2.298604855313513 164.714111328125 0.615966796875 1.2436776411400121 5279
300 2.5 3.433955078125 11.437241776291538 164.714111328125 0.615966796875 1.2461894173993493 5303
310 2.4 1.112762451171875 0.25822453674569595 164.714111328125 0.615966796875 1.2564548343509523 5328
320 2.2 1.1036376953125002 0.291354888752037 164.714111328125 0.615966796875 1.2558104738882658 5352
330 1.3 1.1206242487980769 0.29639920956300064 164.714111328125 0.615966796875 1.2551875112666309 5374
340 1 1.131103515625 0.29402866132344474 164.714111328125 0.615966796875 1.2548627809135418 5387
350 0.2 1.21337890625 0.180419921875 164.714111328125 0.615966796875 1.2546334696938113 5397
360 0.5 12.74423828125 23.216696998122703 164.714111328125 0.615966796875 1.2546181873958138 5399
370 0.3 1.0642903645833333 0.25831880528606876 164.714111328125 0.615966796875 1.2652488499548942 5404
380 0.1 1.447021484375 0.0 164.714111328125 0.615966796875 1.2651373508877377 5407
390 0.2 1.068603515625 0.113525390625 164.714111328125 0.615966796875 1.2651709833088707 5408
400 0 0 0 164.714111328125 0.615966796875 1.2650983151137933 5410
410 0.3 1.0923665364583333 0.19635649662001456 164.714111328125 0.615966796875 1.2650983151137933 5410
420 0 0 0 164.714111328125 0.615966796875 1.2650025834795857 5413
430 0.1 9.329833984375 0.0 164.714111328125 0.615966796875 1.2650025834795857 5413
