0 0.1 6.558964995101095 0 6.558964995101095 6.558964995101095 0 0
10 0.1 5.506391347099312 0.0 6.558964995101095 5.506391347099312 6.558964995101095 1
20 0.1 14.285714285714285 0.0 14.285714285714285 5.506391347099312 6.032678171100203 2
30 0.1 15.663801337153775 0.0 15.663801337153775 5.506391347099312 8.783690209304897 3
40 0.1 17.094017094017094 0.0 17.094017094017094 5.506391347099312 10.503717991267116 4
50 0.1 6.679764243614931 0.0 17.094017094017094 5.506391347099312 11.82177781181711 5
60 0.1 7.352941176470589 0.0 17.094017094017094 5.506391347099312 10.96477555045008 6
70 0.1 9.20666013712047 0.0 17.094017094017094 5.506391347099312 10.448799211310154 7
80 0.1 9.911678115799804 0.0 17.094017094017094 5.506391347099312 10.293531827036443 8
90 0.1 10.588235294117647 0.0 17.094017094017094 5.506391347099312 10.251103636899039 9
100 0.1 10.598626104023552 0.0 17.094017094017094 5.506391347099312 10.2848168026209 10
110 0.1 10.469667318982387 0.0 17.094017094017094 5.506391347099312 10.313344920930232 11
120 0.1 10.969637610186092 0.0 17.094017094017094 5.506391347099312 10.32637178743458 12
130 0.1 10.510805500982318 0.0 17.094017094017094 5.506391347099312 10.37585377380008 13
140 0.1 11.089303238469087 0.0 17.094017094017094 5.506391347099312 10.385493182884526 14
150 0.1 11.00196463654224 0.0 17.094017094017094 5.506391347099312 10.43241385325683 15
160 0.1 10.246305418719212 0.0 17.094017094017094 5.506391347099312 10.468010777212168 16
170 0.1 22.26379794200187 0.0 22.26379794200187 5.506391347099312 10.45496928553611 17
180 0.1 19.866920152091254 0.0 22.26379794200187 5.506391347099312 11.11101532200643 18
190 0.1 9.1796875 0.0 22.26379794200187 5.506391347099312 11.571852418326685 19
200 0.1 8.250497017892645 0.0 22.26379794200187 5.506391347099312 11.452244172410351 20
210 0.1 18.29501915708812 0.0 22.26379794200187 5.506391347099312 11.299780022195224 21
220 0.1 7.447864945382324 0.0 22.26379794200187 5.506391347099312 11.617745437417627 22
230 0.1 8.023483365949119 0.0 22.26379794200187 5.506391347099312 11.436446285590005 23
240 0.1 5.782652043868395 0.0 22.26379794200187 5.506391347099312 11.294239497271635 24
250 0.1 2.8855721393034823 0.0 22.26379794200187 2.8855721393034823 11.073775999135504 25
260 0.1 2.566633761105627 0.0 22.26379794200187 2.566633761105627 10.758845081449657 26
270 0.1 1.6848364717542121 0.0 22.26379794200187 1.6848364717542121 10.45542984736284 27
280 0.1 12.4282982791587 0.0 22.26379794200187 1.6848364717542121 10.142194369662533 28
290 0.1 6.724303554274735 0.0 22.26379794200187 1.6848364717542121 10.221025538955505 29
300 0.1 7.75945683802134 0.0 22.26379794200187 1.6848364717542121 10.104468139466146 30
310 0.1 1.2833168805528135 0.0 22.26379794200187 1.2833168805528135 10.028822613613087 31
320 0.1 1.5810276679841897 0.0 22.26379794200187 1.2833168805528135 9.755525559454954 32
330 0.1 1.4807502467917077 0.0 22.26379794200187 1.2833168805528135 9.507813502137658 33
340 0.1 1.2845849802371543 0.0 22.26379794200187 1.2833168805528135 9.271723406392189 34
350 0.1 1.4763779527559056 0.0 22.26379794200187 1.2833168805528135 9.043519451359188 35
360 0.1 1.188118811881188 0.0 22.26379794200187 1.188118811881188 8.833321076397986 36
370 0.1 1.2807881773399015 0.0 22.26379794200187 1.188118811881188 8.626693988167803 37
380 0.1 0.891089108910891 0.0 22.26379794200187 0.891089108910891 8.433380677356542 38
390 0.1 0.9861932938856016 0.0 22.26379794200187 0.891089108910891 8.239988585857935 39
400 0.1 0.9861932938856016 0.0 22.26379794200187 0.891089108910891 8.058643703558626 40
410 0.1 0.9891196834817012 0.0 22.26379794200187 0.891089108910891 7.886144913078797 41
420 0.1 1.2833168805528135 0.0 22.26379794200187 0.891089108910891 7.721930026659819 42
430 0.1 1.3820335636722607 0.0 22.26379794200187 0.891089108910891 7.572194837215471 43
