0 0.3 3
10 1.9 22
20 6.9 91
30 7.9 170
40 9 260
50 12.5 385
60 11.5 500
70 14.5 645
80 16.6 811
90 19.4 1005
100 12.9 1134
110 17.7 1311
120 15.6 1467
130 19 1657
140 18.4 1841
150 17.3 2014
160 22.8 2242
170 22 2462
180 18.3 2645
190 24.2 2887
200 26.5 3152
210 24 3392
220 25.8 3650
230 26.8 3918
240 25.7 4175
250 16.8 4343
260 12.4 4467
270 8.4 4551
280 7.2 4623
290 4.9 4672
300 3.2 4704
310 2.5 4729
320 2.4 4753
330 1.3 4766
340 1 4776
350 0.2 4778
360 0.5 4783
370 0.3 4786
380 0.1 4787
390 0.2 4789
400 0 4789
410 0.3 4792
420 0 4792
430 0.1 4793
