0 0.1 3064.12890625 0 3064.12890625 3064.12890625 0 0
10 0.1 3055.4140625 0.0 3064.12890625 3055.4140625 3064.12890625 1
20 0.1 3047.20703125 0.0 3064.12890625 3047.20703125 3059.771484375 2
30 0.1 3045.46875 0.0 3064.12890625 3045.46875 3055.5833333333335 3
40 0.1 3043.578125 0.0 3064.12890625 3043.578125 3053.0546875 4
50 0.1 3041.59765625 0.0 3064.12890625 3041.59765625 3051.159375 5
60 0.1 3041.3125 0.0 3064.12890625 3041.3125 3049.5657552083335 6
70 0.1 3036.2109375 0.0 3064.12890625 3036.2109375 3048.38671875 7
80 0.1 3029.08984375 0.0 3064.12890625 3029.08984375 3046.86474609375 8
90 0.1 3026.0234375 0.0 3064.12890625 3026.0234375 3044.8897569444443 9
100 0.1 3023.72265625 0.0 3064.12890625 3023.72265625 3043.003125 10
110 0.1 3015.18359375 0.0 3064.12890625 3015.18359375 3041.2503551136365 11
120 0.1 3007.4765625 0.0 3064.12890625 3007.4765625 3039.078125 12
130 0.1 3003.5703125 0.0 3064.12890625 3003.5703125 3036.647235576923 13
140 0.1 2998.37109375 0.0 3064.12890625 2998.37109375 3034.284598214286 14
150 0.1 2989.6640625 0.0 3064.12890625 2989.6640625 3031.8903645833334 15
160 0.1 2984.5546875 0.0 3064.12890625 2984.5546875 3029.251220703125 16
170 0.1 2982.453125 0.0 3064.12890625 2982.453125 3026.622012867647 17
180 0.1 2981.80859375 0.0 3064.12890625 2981.80859375 3024.1681857638887 18
190 0.1 2982.76953125 0.0 3064.12890625 2981.80859375 3021.9387335526317 19
200 0.1 2981.77734375 0.0 3064.12890625 2981.77734375 3019.9802734375 20
210 0.1 2981.44140625 0.0 3064.12890625 2981.44140625 3018.161086309524 21
220 0.1 2981.48046875 0.0 3064.12890625 2981.44140625 3016.492009943182 22
230 0.1 2981.45703125 0.0 3064.12890625 2981.44140625 3014.969769021739 23
240 0.1 2981.29296875 0.0 3064.12890625 2981.29296875 3013.5734049479165 24
250 0.1 2981.38671875 0.0 3064.12890625 2981.29296875 3012.2821875 25
260 0.1 2981.56640625 0.0 3064.12890625 2981.29296875 3011.0939002403848 26
270 0.1 2991.73828125 0.0 3064.12890625 2981.29296875 3010.0002893518517 27
280 0.1 2995.109375 0.0 3064.12890625 2981.29296875 3009.348074776786 28
290 0.1 2989.734375 0.0 3064.12890625 2981.29296875 3008.8570851293102 29
300 0.1 2996.58203125 0.0 3064.12890625 2981.29296875 3008.219661458333 30
310 0.1 2996.7578125 0.0 3064.12890625 2981.29296875 3007.844254032258 31
320 0.1 2997.11328125 0.0 3064.12890625 2981.29296875 3007.497802734375 32
330 0.1 2997.23046875 0.0 3064.12890625 2981.29296875 3007.1831202651515 33
340 0.1 2997.24609375 0.0 3064.12890625 2981.29296875 3006.8903952205883 34
350 0.1 2997.23046875 0.0 3064.12890625 2981.29296875 3006.61484375 35
360 0.1 2997.41796875 0.0 3064.12890625 2981.29296875 3006.3541666666665 36
370 0.1 2997.47265625 0.0 3064.12890625 2981.29296875 3006.112647804054 37
380 0.1 2997.6640625 0.0 3064.12890625 2981.29296875 3005.8852796052633 38
390 0.1 2997.9375 0.0 3064.12890625 2981.29296875 3005.6744791666665 39
400 0.1 2998.140625 0.0 3064.12890625 2981.29296875 3005.4810546875 40
410 0.1 3003.94921875 0.0 3064.12890625 2981.29296875 3005.302019817073 41
420 0.1 3004.3203125 0.0 3064.12890625 2981.29296875 3005.269810267857 42
430 0.1 3004.44921875 0.0 3064.12890625 2981.29296875 3005.2477289244184 43
