0 0.1 0.0 0 0.0 0.0 0 0
10 0.1 0.0 0.0 0.0 0.0 0.0 1
20 0.1 0.0 0.0 0.0 0.0 0.0 2
30 0.1 0.0703125 0.0 0.0703125 0.0 0.0 3
40 0.1 0.140625 0.0 0.140625 0.0 0.017578125 4
50 0.1 0.12109375 0.0 0.140625 0.0 0.0421875 5
60 0.1 0.1015625 0.0 0.140625 0.0 0.055338541666666664 6
70 0.1 0.078125 0.0 0.140625 0.0 0.06194196428571429 7
80 0.1 0.1484375 0.0 0.1484375 0.0 0.06396484375 8
90 0.1 0.28125 0.0 0.28125 0.0 0.07335069444444445 9
100 0.1 0.30859375 0.0 0.30859375 0.0 0.094140625 10
110 0.1 0.46875 0.0 0.46875 0.0 0.11363636363636363 11
120 0.1 0.3984375 0.0 0.46875 0.0 0.14322916666666666 12
130 0.1 0.328125 0.0 0.46875 0.0 0.16286057692307693 13
140 0.1 0.28125 0.0 0.46875 0.0 0.17466517857142858 14
150 0.1 0.3203125 0.0 0.46875 0.0 0.18177083333333333 15
160 0.1 0.26953125 0.0 0.46875 0.0 0.1904296875 16
170 0.1 0.23046875 0.0 0.46875 0.0 0.19508272058823528 17
180 0.1 0.26953125 0.0 0.46875 0.0 0.1970486111111111 18
190 0.1 0.21875 0.0 0.46875 0.0 0.20086348684210525 19
200 0.1 0.19140625 0.0 0.46875 0.0 0.2017578125 20
210 0.1 0.16015625 0.0 0.46875 0.0 0.20126488095238096 21
220 0.1 0.140625 0.0 0.46875 0.0 0.19939630681818182 22
230 0.1 0.109375 0.0 0.46875 0.0 0.19684103260869565 23
240 0.1 0.171875 0.0 0.46875 0.0 0.19319661458333334 24
250 0.1 0.140625 0.0 0.46875 0.0 0.19234375 25
260 0.1 0.12109375 0.0 0.46875 0.0 0.19035456730769232 26
270 0.1 0.1015625 0.0 0.46875 0.0 0.18778935185185186 27
280 0.1 0.08984375 0.0 0.46875 0.0 0.18470982142857142 28
290 0.1 0.0703125 0.0 0.46875 0.0 0.1814385775862069 29
300 0.1 0.05859375 0.0 0.46875 0.0 0.177734375 30
310 0.1 0.05078125 0.0 0.46875 0.0 0.17389112903225806 31
320 0.1 0.0390625 0.0 0.46875 0.0 0.1700439453125 32
330 0.1 0.0390625 0.0 0.46875 0.0 0.1660748106060606 33
340 0.1 0.03125 0.0 0.46875 0.0 0.16233915441176472 34
350 0.1 0.01953125 0.0 0.46875 0.0 0.15859375 35
360 0.1 0.01953125 0.0 0.46875 0.0 0.1547309027777778 36
370 0.1 0.01953125 0.0 0.46875 0.0 0.15107685810810811 37
380 0.1 0.01171875 0.0 0.46875 0.0 0.14761513157894737 38
390 0.1 0.01171875 0.0 0.46875 0.0 0.14413060897435898 39
400 0.1 0.01171875 0.0 0.46875 0.0 0.1408203125 40
410 0.1 0.01171875 0.0 0.46875 0.0 0.13767149390243902 41
420 0.1 0.01171875 0.0 0.46875 0.0 0.13467261904761904 42
430 0.1 0.0 0.0 0.46875 0.0 0.13181322674418605 43
