10 0.1 1639 0 1639 1639 0 0
20 0.1 2476.0 0.0 2476 1639 1639.0 1
30 0.1 2163.0 0.0 2476 1639 2057.5 2
40 0.1 2577.0 0.0 2577 1639 2092.6666666666665 3
50 0.1 2341.0 0.0 2577 1639 2213.75 4
60 0.1 2310.0 0.0 2577 1639 2239.2 5
70 0.1 3168.0 0.0 3168 1639 2251.0 6
80 0.1 3721.0 0.0 3721 1639 2382.0 7
90 0.1 3967.0 0.0 3967 1639 2549.375 8
100 0.1 3818.0 0.0 3967 1639 2706.8888888888887 9
110 0.1 3545.0 0.0 3967 1639 2818.0 10
120 0.1 3924.0 0.0 3967 1639 2884.090909090909 11
130 0.1 3987.0 0.0 3987 1639 2970.75 12
140 0.1 4111.0 0.0 4111 1639 3048.923076923077 13
150 0.1 3984.0 0.0 4111 1639 3124.785714285714 14
160 0.1 3937.0 0.0 4111 1639 3182.0666666666666 15
170 0.1 3934.0 0.0 4111 1639 3229.25 16
180 0.1 3796.0 0.0 4111 1639 3270.705882352941 17
190 0.1 3535.0 0.0 4111 1639 3299.8888888888887 18
200 0.1 3534.0 0.0 4111 1639 3312.2631578947367 19
210 0.1 3683.0 0.0 4111 1639 3323.35 20
220 0.1 3567.0 0.0 4111 1639 3340.4761904761904 21
230 0.1 3425.0 0.0 4111 1639 3350.7727272727275 22
240 0.1 3117.0 0.0 4111 1639 3354.0 23
250 0.1 1091.0 0.0 4111 1091 3344.125 24
260 0.1 703.0 0.0 4111 703 3254.0 25
270 0.1 453.0 0.0 4111 453 3155.8846153846152 26
280 0.1 566.0 0.0 4111 453 3055.777777777778 27
290 0.1 544.0 0.0 4111 453 2966.8571428571427 28
300 0.1 843.0 0.0 4111 453 2883.310344827586 29
310 0.1 552.0 0.0 4111 453 2815.3 30
320 0.1 737.0 0.0 4111 453 2742.2903225806454 31
330 0.1 826.0 0.0 4111 453 2679.625 32
340 0.1 196.0 0.0 4111 196 2623.4545454545455 33
350 0.1 614.0 0.0 4111 196 2552.0588235294117 34
360 0.1 549.0 0.0 4111 196 2496.6857142857143 35
370 0.1 454.0 0.0 4111 196 2442.5833333333335 36
380 0.1 21.0 0.0 4111 21 2388.837837837838 37
390 0.1 21.0 0.0 4111 21 2326.5263157894738 38
400 0.1 7.0 0.0 4111 7 2267.4102564102564 39
410 0.1 272.0 0.0 4111 7 2210.9 40
420 0.1 605.0 0.0 4111 7 2163.609756097561 41
430 0.1 992.0 0.0 4111 7 2126.5 42
