0 18.5 26.582764991554054 31.541094129130226 335.4541015625 9.487060546875 0 0
10 29.8 26.107120385906043 15.485032704369631 335.4541015625 9.386962890625 26.582764991554054 185
20 32.4 25.175772207754623 16.210424830895377 335.4541015625 9.386962890625 26.289303102355074 483
30 39.1 40.794145120684185 30.80215496667544 335.4541015625 9.386962890625 25.842234936493185 807
40 41.4 35.529318104619556 25.881719422984688 335.4541015625 9.386962890625 30.72219894485602 1198
50 38.9 33.169346355840275 21.633313330656417 335.4541015625 9.386962890625 31.956781657102987 1612
60 49.3 49.419811937436606 37.4259026640446 335.4541015625 9.386962890625 32.19250762802193 2001
70 58.8 141.5445099914966 96.4816862610953 460.946044921875 9.386962890625 35.59790499151087 2494
80 63.6 172.88414298963252 93.85051451041458 460.946044921875 9.386962890625 55.81094968326675 3082
90 63.2 697.5815773493131 390.80233044641136 1353.359130859375 9.386962890625 75.83745612297858 3718
100 51 1709.258839805454 671.7645417328853 3274.60009765625 9.386962890625 166.16901580459776 4350
110 62.5 3511.601325000003 172.89046555833465 3883.5400390625 9.386962890625 328.098194866416 4860
120 61.8 4292.865330767094 267.29971450406197 4769.151123046875 9.386962890625 690.8492352189213 5485
130 63.2 4769.755977968625 184.14539443616744 5396.2900390625 9.386962890625 1055.5954169408237 6103
140 63 6005.553269159225 392.3757959663857 6705.906005859375 9.386962890625 1404.125405741057 6735
150 65.9 6579.249938872226 2303.2825871933255 8313.801025390625 0.919921875 1797.730233161756 7365
160 71.2 6629.116719449503 3840.6624830749315 9696.50390625 0.72509765625 2190.4298201586653 8024
170 70.5 7459.894296805739 4387.731804627602 10457.81103515625 0.681884765625 2552.190931914054 8736
180 57.7 8774.093182595192 675.2798414510384 10457.81103515625 0.681884765625 2918.670210830338 9441
190 64.2 7860.251976702443 216.21937968351142 10457.81103515625 0.681884765625 3255.9210647640894 10018
200 66 6752.152200964722 144.29401000794172 10457.81103515625 0.681884765625 3533.217541824542 10660
210 62.6 6292.218115468375 277.5565009018921 10457.81103515625 0.681884765625 3720.893944212574 11320
220 66.2 4606.232193961241 629.4128480133759 10457.81103515625 0.681884765625 3855.637702056717 11946
230 62.9 3126.9936911578397 356.4672847213449 10457.81103515625 0.681884765625 3895.04867553711 12608
240 45.6 1058.4373045804195 1044.5238872094908 10457.81103515625 0.681884765625 3858.5519931185436 13237
250 20.9 18.42915366140851 7.418570394637651 10457.81103515625 0.681884765625 3765.3034502153537 13693
260 14.3 18.866058989838276 7.755058222961426 10457.81103515625 0.681884765625 3708.973661121714 13902
270 8.3 30.565191429781617 39.76385001662868 10457.81103515625 0.681884765625 3671.402611844045 14045
280 7.4 18.395943306587835 4.178536709067763 10457.81103515625 0.681884765625 3650.0132074064472 14128
290 5.6 22.587306431361604 18.80251842799149 10457.81103515625 0.681884765625 3631.0905431659608 14202
300 3.2 20.675384521484375 11.472961546692053 10457.81103515625 0.681884765625 3616.917715191691 14258
310 2.4 21.52927652994791 16.452558902125553 10457.81103515625 0.681884765625 3608.864548321051 14290
320 2.5 18.515048828125 3.5992173177734066 10457.81103515625 0.681884765625 3602.8497343960134 14314
330 1.3 21.88140399639423 6.099648016761235 10457.81103515625 0.681884765625 3596.6004584953794 14339
340 1 21.531201171875 7.0082840341322585 10457.81103515625 0.681884765625 3593.3624883373186 14352
350 0.2 9.0335693359375 6.4984130859375 10457.81103515625 0.681884765625 3590.8754870233192 14362
360 0.5 24.73994140625 20.19469664789025 10457.81103515625 0.681884765625 3590.3767621670554 14364
370 0.3 7.628011067708333 6.750167474709875 10457.81103515625 0.681884765625 3589.1360227903556 14369
380 0.1 30.715087890625 0.0 10457.81103515625 0.681884765625 3588.388421618969 14372
390 0.2 30.1934814453125 25.8514404296875 10457.81103515625 0.681884765625 3588.140896861874 14373
400 0 0 0 10457.81103515625 0.681884765625 3587.645878091033 14375
410 0.3 235.87394205729166 303.8404525123796 10457.81103515625 0.681884765625 3587.645878091033 14375
420 0 0 0 10457.81103515625 0.681884765625 3586.9465238131015 14378
430 0.1 10.468994140625 0.0 10457.81103515625 0.681884765625 3586.9465238131015 14378
