10 0.1 1537 0 1537 1537 0 0
20 0.1 2241.0 0.0 2241 1537 1537.0 1
30 0.1 2079.0 0.0 2241 1537 1889.0 2
40 0.1 2415.0 0.0 2415 1537 1952.3333333333333 3
50 0.1 2337.0 0.0 2415 1537 2068.0 4
60 0.1 2314.0 0.0 2415 1537 2121.8 5
70 0.1 2993.0 0.0 2993 1537 2153.8333333333335 6
80 0.1 3434.0 0.0 3434 1537 2273.714285714286 7
90 0.1 3787.0 0.0 3787 1537 2418.75 8
100 0.1 3690.0 0.0 3787 1537 2570.777777777778 9
110 0.1 3360.0 0.0 3787 1537 2682.7 10
120 0.1 3720.0 0.0 3787 1537 2744.2727272727275 11
130 0.1 3775.0 0.0 3787 1537 2825.5833333333335 12
140 0.1 4019.0 0.0 4019 1537 2898.6153846153848 13
150 0.1 3808.0 0.0 4019 1537 2978.6428571428573 14
160 0.1 3801.0 0.0 4019 1537 3033.9333333333334 15
170 0.1 3921.0 0.0 4019 1537 3081.875 16
180 0.1 3596.0 0.0 4019 1537 3131.235294117647 17
190 0.1 3368.0 0.0 4019 1537 3157.0555555555557 18
200 0.1 3585.0 0.0 4019 1537 3168.157894736842 19
210 0.1 3542.0 0.0 4019 1537 3189.0 20
220 0.1 3432.0 0.0 4019 1537 3205.809523809524 21
230 0.1 3381.0 0.0 4019 1537 3216.090909090909 22
240 0.1 3158.0 0.0 4019 1537 3223.2608695652175 23
250 0.1 1266.0 0.0 4019 1266 3220.5416666666665 24
260 0.1 856.0 0.0 4019 856 3142.36 25
270 0.1 572.0 0.0 4019 572 3054.423076923077 26
280 0.1 579.0 0.0 4019 572 2962.4814814814813 27
290 0.1 591.0 0.0 4019 572 2877.3571428571427 28
300 0.1 717.0 0.0 4019 572 2798.5172413793102 29
310 0.1 529.0 0.0 4019 529 2729.133333333333 30
320 0.1 647.0 0.0 4019 529 2658.1612903225805 31
330 0.1 694.0 0.0 4019 529 2595.3125 32
340 0.1 176.0 0.0 4019 176 2537.6969696969695 33
350 0.1 508.0 0.0 4019 176 2468.235294117647 34
360 0.1 447.0 0.0 4019 176 2412.2285714285713 35
370 0.1 373.0 0.0 4019 176 2357.6388888888887 36
380 0.1 25.0 0.0 4019 25 2304.0 37
390 0.1 27.0 0.0 4019 25 2244.0263157894738 38
400 0.1 7.0 0.0 4019 7 2187.1794871794873 39
410 0.1 217.0 0.0 4019 7 2132.675 40
420 0.1 480.0 0.0 4019 7 2085.951219512195 41
430 0.1 801.0 0.0 4019 7 2047.7142857142858 42
