0 0.3 3341.5723470052085 1756.9378240969845 5673.180908203125 1432.1640625 0 0
10 1.9 9402.14911852385 3895.5665809739544 16426.557861328125 1432.1640625 3341.5723470052085 3
20 6.9 14072.780153136322 6270.557354449414 26493.43994140625 1432.1640625 8575.70683149858 22
30 7.9 20322.32524784909 8618.33864013316 35990.93994140625 1432.1640625 12743.817372081045 91
40 9 25037.575138346354 11897.626614025517 47123.722900390625 1321.97509765625 16265.594561408549 170
50 12.5 26597.35549609375 13042.615498456655 56722.73388671875 1321.97509765625 19302.049376502404 260
60 11.5 26222.404150390626 15986.23996007385 59243.48486328125 1129.60888671875 21670.655259486608 385
70 14.5 28099.91459455819 18794.82821228614 77310.81884765625 1129.60888671875 22717.557504394532 500
80 16.6 28019.866815406156 20230.094696272077 79999.10717773438 1129.60888671875 23927.544757222022 645
90 19.4 33969.00909109216 21539.580606806452 96583.56103515625 1129.60888671875 24765.184044100646 811
100 12.9 32214.640091297242 19077.662772384218 96583.56103515625 1129.60888671875 26541.84280939055 1005
110 17.7 38480.01574224267 23777.65888468654 115527.96704101563 1129.60888671875 27187.16101870798 1134
120 15.6 41932.7908512996 22255.387029915204 123730.44482421875 1129.60888671875 28711.825615249272 1311
130 19 45041.10344623765 23977.524662028773 123730.44482421875 1129.60888671875 30117.736028898795 1467
140 18.4 49097.805162512755 26532.13034318106 144787.94702148438 1129.60888671875 31828.924809402346 1657
150 17.3 47020.536786206154 18245.162819596473 144787.94702148438 1129.60888671875 33554.874828398715 1841
160 22.8 52488.15410734478 24185.235494554672 155190.7998046875 1129.60888671875 34711.55780689955 2014
170 22 52877.43388782847 25233.95379979061 156477.96508789063 1129.60888671875 36519.34726118212 2242
180 18.3 56557.14078509221 22892.53685609868 156477.96508789063 1129.60888671875 37981.07717907903 2462
190 24.2 56394.783464416 24139.338016404716 156477.96508789063 1129.60888671875 39266.30199567654 2645
200 26.5 59189.087625294815 25014.17379835101 156477.96508789063 1129.60888671875 40702.080490804685 2887
210 24 56973.669420369464 23293.842540847516 156477.96508789063 1129.60888671875 42256.3498089011 3152
220 25.8 56586.44731483164 26099.97000571592 156477.96508789063 1129.60888671875 43297.66959273141 3392
230 26.8 62213.97351985191 33274.42491053691 190607.2451171875 1129.60888671875 44236.985935827804 3650
240 25.7 51146.71468320617 35226.57170834031 213996.2470703125 1129.60888671875 45466.652263678356 3918
250 16.8 56447.36412992934 29998.41701578229 213996.2470703125 1129.60888671875 45816.29921980258 4175
260 12.4 57576.804862729965 27039.351833209792 213996.2470703125 1129.60888671875 46227.54004524612 4343
270 8.4 73676.56466820127 33808.126055466586 218815.5859375 1129.60888671875 46542.5856770724 4467
280 7.2 87157.60356648761 31822.815465464002 218815.5859375 1129.60888671875 47043.410602419535 4551
290 4.9 93344.08256935587 38898.61570203439 222443.06811523438 1129.60888671875 47668.16117421553 4623
300 3.2 103020.38445281982 32628.95938724427 223266.01806640625 1129.60888671875 48147.21086350531 4672
310 2.5 116786.76625 27651.59644772014 223266.01806640625 1129.60888671875 48520.49775867071 4704
320 2.4 127863.5767923991 36367.56276287253 235809.2568359375 1129.60888671875 48881.38942969698 4729
330 1.3 120750.4805063101 18007.211123683923 235809.2568359375 1129.60888671875 49280.20543994416 4753
340 1 159328.28823242188 34071.40769815515 235809.2568359375 1129.60888671875 49475.15163714575 4766
350 0.2 142241.13305664063 13070.51611328125 235809.2568359375 1129.60888671875 49705.16239216098 4776
360 0.5 165952.2065917969 34217.319169710296 235809.2568359375 1129.60888671875 49743.89657829094 4778
370 0.3 162480.03800455728 26331.873665865478 235809.2568359375 1129.60888671875 49865.37714489507 4783
380 0.1 157980.81103515625 0.0 235809.2568359375 1129.60888671875 49935.9671955802 4786
390 0.2 175437.6934814453 8207.563598632813 235809.2568359375 1129.60888671875 49958.53766640526 4787
400 0 0 0 235809.2568359375 1129.60888671875 50010.94073836811 4789
410 0.3 208695.6193033854 31514.721287526743 253215.375 1129.60888671875 50010.94073836811 4789
420 0 0 0 253215.375 1129.60888671875 50110.28423496558 4792
430 0.1 203849.56494140625 0.0 253215.375 1129.60888671875 50110.28423496558 4792
