0 859.4359375 859.4359375
10 1250.5 2109.9359375
20 1167.5125 3277.4484375
30 1404.11328125 4681.56171875
40 1456.8515625 6138.41328125
50 1249.9546875 7388.36796875
60 1769.48984375 9157.8578125
70 2083.46796875 11241.32578125
80 2204.9609375 13446.28671875
90 2093.86484375 15540.1515625
100 1805.37578125 17345.52734375
110 2154.11796875 19499.6453125
120 2194.8890625 21694.534375
130 2120.86796875 23815.40234375
140 2149.48046875 25964.8828125
150 2027.4921875 27992.375
160 1786.125 29778.5
170 1847.29765625 31625.79765625
180 1958.08671875 33583.884375
190 1911.6578125 35495.5421875
200 1951.96875 37447.5109375
210 1905.10546875 39352.61640625
220 1972.7046875 41325.32109375
230 1750.9234375 43076.24453125
240 976.81171875 44053.05625
250 285.22734375 44338.28359375
260 154.034375 44492.31796875
270 80.09296875 44572.4109375
280 68.59375 44641.0046875
290 52.7359375 44693.740625
300 27.2 44720.940625
310 20.4 44741.340625
320 21.25 44762.590625
330 11.05 44773.640625
340 8.5 44782.140625
350 0.515625 44782.65625
360 3.065625 44785.721875
370 1.365625 44787.0875
380 0.85 44787.9375
390 1.1078125 44789.0453125
400 0 44789.0453125
410 1.9578125 44791.003125
420 0 44791.003125
430 0.2578125 44791.2609375
