0 40.61796875 40.61796875
10 83.6421875 124.26015625
20 112.18671875 236.446875
30 137.88671875 374.33359375
40 148.2921875 522.62578125
50 150.69140625 673.3171875
60 170.5984375 843.915625
70 214.209375 1058.125
80 236.934375 1295.059375
90 270.1125 1565.171875
100 225.2328125 1790.4046875
110 247.64375 2038.0484375
120 242.59609375 2280.64453125
130 259.95859375 2540.603125
140 268.99765625 2809.60078125
150 266.86484375 3076.465625
160 256.35625 3332.821875
170 250.82421875 3583.64609375
180 231.8296875 3815.47578125
190 245.196875 4060.67265625
200 247.55546875 4308.228125
210 228.4296875 4536.6578125
220 235.878125 4772.5359375
230 245.50234375 5018.03828125
240 173.75234375 5191.790625
250 119.64296875 5311.43359375
260 85.40625 5396.83984375
270 50.9265625 5447.76640625
280 45.725 5493.49140625
290 32.85625 5526.34765625
300 19.709375 5546.05703125
310 14.7921875 5560.84921875
320 15.396875 5576.24609375
330 8.0109375 5584.25703125
340 6.1703125 5590.42734375
350 1.2328125 5591.66015625
360 3.0921875 5594.75234375
370 1.8453125 5596.59765625
380 0.6140625 5597.21171875
390 1.23125 5598.44296875
400 0 5598.44296875
410 1.853125 5600.29609375
420 0 5600.29609375
430 0.6140625 5600.91015625
