0 14.5 145
10 16.3 308
20 13.5 443
30 15.1 594
40 15.7 751
50 13.4 885
60 21.1 1096
70 24.6 1342
80 24.2 1584
90 24 1824
100 27.1 2095
110 25.4 2349
120 24.8 2597
130 28.6 2883
140 26.2 3145
150 24.2 3387
160 26.4 3651
170 24.2 3893
180 13.8 4031
190 16.1 4192
200 16.2 4354
210 16 4514
220 16 4674
230 11.9 4793
240 0 4793
250 0 4793
260 0 4793
270 0 4793
280 0 4793
290 0 4793
300 0 4793
310 0 4793
320 0 4793
330 0 4793
340 0 4793
350 0 4793
360 0 4793
370 0 4793
380 0 4793
390 0 4793
400 0 4793
410 0 4793
420 0 4793
430 0 4793
