0 142 142
10 286 286
20 352 352
30 424 427
40 491 491
50 500 504
60 596 600
70 697 697
80 773 774
90 819 822
100 961 963
110 1038 1039
120 1130 1132
130 1226 1229
140 1304 1307
150 1373 1374
160 1409 1411
170 1431 1437
180 1386 1437
190 1305 1437
200 1202 1437
210 1122 1437
220 1024 1437
230 875 1437
240 618 1437
250 450 1437
260 326 1437
270 242 1437
280 170 1437
290 121 1437
300 89 1437
310 64 1437
320 40 1437
330 27 1437
340 17 1437
350 15 1437
360 10 1437
370 7 1437
380 6 1437
390 4 1437
400 4 1437
410 1 1437
420 1 1437
430 0 1437
