0 2 21.50772705078125 45.68342938444717 175.421875 1.113037109375 0 0
10 3.8 1.6459832442434212 0.5266669734593201 175.421875 1.113037109375 21.50772705078125 20
20 3.2 2.026092529296875 2.335227913353516 175.421875 1.113037109375 8.494860418911639 58
30 3.3 1.5725023674242424 0.36278974003759434 175.421875 1.087158203125 6.194854058159722 90
40 3.1 1.6571793094758065 0.6865931691924294 175.421875 0.9970703125 4.954710921620935 123
50 3.9 1.6083420973557692 0.6367674251924648 175.421875 0.9970703125 4.290922090604708 154
60 3.5 1.764034598214286 1.6192653708490459 175.421875 0.89404296875 3.748846340673575 193
70 3.6 1.6697998046875 1.043965886524591 175.421875 0.89404296875 3.4441603275767543 228
80 3.5 1.5021902901785715 0.3076368204616679 175.421875 0.89404296875 3.202202074455492 264
90 4.6 1.7118662958559783 0.9859156160950188 175.421875 0.843994140625 3.003204039506689 299
100 6.8 1.423415240119485 0.38782746707685095 175.421875 0.843994140625 2.8310256736865944 345
110 8.3 1.4504835749246987 0.5083615085241477 175.421875 0.802001953125 2.5992641495157387 413
120 8 1.9446502685546878 3.325967357526602 175.421875 0.802001953125 2.4070286904611895 496
130 9.8 1.3749003507653068 0.41260707393380897 175.421875 0.802001953125 2.3428094651963978 576
140 7.6 1.489694695723684 0.5639231568465896 175.421875 0.802001953125 2.202074905531343 674
150 9.3 1.4629142515120974 0.5134550832842104 175.421875 0.802001953125 2.1298870442708333 750
160 7.4 1.513995196368243 1.005030405573503 175.421875 0.802001953125 2.056306415888197 843
170 7.4 1.547218116554054 0.8581103698851252 175.421875 0.802001953125 2.01254302412759 917
180 7.7 1.6425305651379871 1.2691486446197462 175.421875 0.802001953125 1.9777962600908177 991
190 8.3 1.4229162744728916 0.49730874142283055 175.421875 0.802001953125 1.9536244824584508 1068
200 0 0 0 175.421875 0.802001953125 1.9153544726732192 1151
200 0 0 0 175.421875 0.802001953125 1.9153544726732192 1151
