0 0.1 1.796760374438763 0 1.796760374438763 1.796760374438763 0 0
10 0.1 2.3645320197044337 0.0 2.3645320197044337 1.796760374438763 1.796760374438763 1
20 0.1 2.3645320197044337 0.0 2.3645320197044337 1.796760374438763 2.0806461970715984 2
30 0.1 1.8756169792694966 0.0 2.3645320197044337 1.796760374438763 2.1752748046158765 3
40 0.1 2.0689655172413794 0.0 2.3645320197044337 1.796760374438763 2.1003603482792816 4
50 0.1 1.7804154302670623 0.0 2.3645320197044337 1.7804154302670623 2.094081382071701 5
60 0.1 2.1696252465483234 0.0 2.3645320197044337 1.7804154302670623 2.0418037234375945 6
70 0.1 1.9743336623889436 0.0 2.3645320197044337 1.7804154302670623 2.0600639410248416 7
80 0.1 1.7786561264822136 0.0 2.3645320197044337 1.7786561264822136 2.0493476561953545 8
90 0.1 2.0689655172413794 0.0 2.3645320197044337 1.7786561264822136 2.0192708195605613 9
100 0.1 2.371541501976284 0.0 2.371541501976284 1.7786561264822136 2.024240289328643 10
110 0.1 2.6732673267326734 0.0 2.6732673267326734 1.7786561264822136 2.055813126842065 11
120 0.1 3.257650542941757 0.0 3.257650542941757 1.7786561264822136 2.1072676434996156 12
130 0.1 2.8712871287128716 0.0 3.257650542941757 1.7786561264822136 2.195758635764396 13
140 0.1 3.0693069306930694 0.0 3.257650542941757 1.7786561264822136 2.2440106709750016 14
150 0.1 3.0632411067193677 0.0 3.257650542941757 1.7786561264822136 2.2990304216228727 15
160 0.1 3.5467980295566504 0.0 3.5467980295566504 1.7786561264822136 2.3467935894414036 16
170 0.1 3.2544378698224854 0.0 3.5467980295566504 1.7786561264822136 2.4173820859187707 17
180 0.1 3.1620553359683794 0.0 3.5467980295566504 1.7786561264822136 2.4638851850245325 18
190 0.1 3.3497536945812803 0.0 3.5467980295566504 1.7786561264822136 2.50063098244263 19
200 0.1 2.9615004935834155 0.0 3.5467980295566504 1.7786561264822136 2.5430871180495624 20
