0 0.1 3063.3984375 0 3063.3984375 3063.3984375 0 0
10 0.1 3062.859375 0.0 3063.3984375 3062.859375 3063.3984375 1
20 0.1 3060.41796875 0.0 3063.3984375 3060.41796875 3063.12890625 2
30 0.1 3059.6640625 0.0 3063.3984375 3059.6640625 3062.2252604166665 3
40 0.1 3059.54296875 0.0 3063.3984375 3059.54296875 3061.5849609375 4
50 0.1 3059.515625 0.0 3063.3984375 3059.515625 3061.1765625 5
60 0.1 3059.55078125 0.0 3063.3984375 3059.515625 3060.8997395833335 6
70 0.1 3059.53515625 0.0 3063.3984375 3059.515625 3060.70703125 7
80 0.1 3059.5390625 0.0 3063.3984375 3059.515625 3060.560546875 8
90 0.1 3059.38671875 0.0 3063.3984375 3059.38671875 3060.4470486111113 9
100 0.1 3058.40234375 0.0 3063.3984375 3058.40234375 3060.341015625 10
110 0.1 3057.96484375 0.0 3063.3984375 3057.96484375 3060.1647727272725 11
120 0.1 3057.5625 0.0 3063.3984375 3057.5625 3059.9814453125 12
130 0.1 3057.5390625 0.0 3063.3984375 3057.5390625 3059.795372596154 13
140 0.1 3057.37890625 0.0 3063.3984375 3057.37890625 3059.634207589286 14
150 0.1 3057.3984375 0.0 3063.3984375 3057.37890625 3059.483854166667 15
160 0.1 3056.8515625 0.0 3063.3984375 3056.8515625 3059.353515625 16
170 0.1 3056.73046875 0.0 3063.3984375 3056.73046875 3059.206341911765 17
180 0.1 3056.765625 0.0 3063.3984375 3056.73046875 3059.068793402778 18
190 0.1 3056.4921875 0.0 3063.3984375 3056.4921875 3058.947574013158 19
200 0.1 3056.51953125 0.0 3063.3984375 3056.4921875 3058.8248046875 20
