10 0.1 254 0 254 254 0 0
20 0.1 475.0 0.0 475 254 254.0 1
30 0.1 457.0 0.0 475 254 364.5 2
40 0.1 389.0 0.0 475 254 395.3333333333333 3
50 0.1 396.0 0.0 475 254 393.75 4
60 0.1 450.0 0.0 475 254 394.2 5
70 0.1 449.0 0.0 475 254 403.5 6
80 0.1 404.0 0.0 475 254 410.0 7
90 0.1 425.0 0.0 475 254 409.25 8
100 0.1 683.0 0.0 683 254 411.0 9
110 0.1 884.0 0.0 884 254 438.2 10
120 0.1 998.0 0.0 998 254 478.72727272727275 11
130 0.1 972.0 0.0 998 254 522.0 12
140 0.1 1009.0 0.0 1009 254 556.6153846153846 13
150 0.1 917.0 0.0 1009 254 588.9285714285714 14
160 0.1 1187.0 0.0 1187 254 610.8 15
170 0.1 1005.0 0.0 1187 254 646.8125 16
180 0.1 941.0 0.0 1187 254 667.8823529411765 17
190 0.1 935.0 0.0 1187 254 683.0555555555555 18
200 0.1 827.0 0.0 1187 254 696.3157894736842 19
