0 2.9 46.58975114493534 68.8102320005304 313.568115234375 10.27685546875 0 0
10 5.8 18.781102673760785 17.28777505762363 313.568115234375 10.27685546875 46.58975114493534 29
20 6.4 20.88994598388672 13.782058661851117 313.568115234375 10.27685546875 28.050652164152304 87
30 6.1 17.089699667008198 12.254000302807711 313.568115234375 5.849853515625 25.015650869205302 151
40 5.1 14.617063036151961 3.9810257334273325 313.568115234375 5.849853515625 22.735070570459907 212
50 6.6 14.272971413352273 3.622428690305633 313.568115234375 5.849853515625 21.160856181677758 263
60 5.4 19.09779640480324 18.628453704771168 313.568115234375 5.849853515625 19.779092064019757 329
70 6.3 14.569948226686508 5.553109851052748 313.568115234375 5.849853515625 19.683034712589752 383
80 5.9 18.74072265625 12.430331450009229 313.568115234375 5.849853515625 18.96078258565723 446
90 8.2 17.557742235137198 8.036953339083057 313.568115234375 5.849853515625 18.935072613706684 505
100 11.6 16.45687129579742 7.695443479691181 313.568115234375 5.849853515625 18.742668710737863 587
110 13.7 18.884959868270982 11.128859315231288 313.568115234375 5.849853515625 18.36549587982308 703
120 13.3 18.130189365014097 15.464353737191825 313.568115234375 5.849853515625 18.45021798270089 840
130 15 16.618580729166663 8.686482759356508 313.568115234375 5.849853515625 18.40647306373651 973
140 12.8 19.481201171875004 12.077345013686264 313.568115234375 5.849853515625 18.16766286766752 1123
150 16.8 18.64155069986981 10.32548708865313 313.568115234375 5.849853515625 18.302061670975718 1251
160 13.8 15.423753821331522 7.143955720735167 313.568115234375 5.849853515625 18.342254875242247 1419
170 13.2 21.708124334161926 16.461242777971528 313.568115234375 5.849853515625 18.083582334818562 1557
180 13.9 19.97230672493256 19.614372551871117 313.568115234375 5.849853515625 18.36685027082408 1689
190 13.8 27.330975076426625 52.05739824819271 385.552978515625 5.849853515625 18.48892819594502 1828
200 2.9 22.303433122306036 14.513038870827673 385.552978515625 5.849853515625 19.10958052021077 1966
200 0 0 0 385.552978515625 5.849853515625 19.15600745026629 1995
