10 0.1 274 0 274 274 0 0
20 0.1 566.0 0.0 566 274 274.0 1
30 0.1 505.0 0.0 566 274 420.0 2
40 0.1 443.0 0.0 566 274 448.3333333333333 3
50 0.1 454.0 0.0 566 274 447.0 4
60 0.1 520.0 0.0 566 274 448.4 5
70 0.1 515.0 0.0 566 274 460.3333333333333 6
80 0.1 466.0 0.0 566 274 468.14285714285717 7
90 0.1 479.0 0.0 566 274 467.875 8
100 0.1 836.0 0.0 836 274 469.1111111111111 9
110 0.1 1004.0 0.0 1004 274 505.8 10
120 0.1 1148.0 0.0 1148 274 551.0909090909091 11
130 0.1 1111.0 0.0 1148 274 600.8333333333334 12
140 0.1 1173.0 0.0 1173 274 640.0769230769231 13
150 0.1 1041.0 0.0 1173 274 678.1428571428571 14
160 0.1 1366.0 0.0 1366 274 702.3333333333334 15
170 0.1 1199.0 0.0 1366 274 743.8125 16
180 0.1 1055.0 0.0 1366 274 770.5882352941177 17
190 0.1 1055.0 0.0 1366 274 786.3888888888889 18
200 0.1 948.0 0.0 1366 274 800.5263157894736 19
