0 1.5 2100.531624348958 1678.7784884904727 4324.048095703125 15.22705078125 0 0
10 2.6 3038.4556696965146 2645.2675281614074 8615.02099609375 13.6220703125 2100.531624348958 15
20 3.7 3619.6014503272804 2246.6135478687834 8789.984130859375 13.6220703125 2695.312726276677 41
30 3.8 3183.6175986842104 2850.6070841153723 8789.984130859375 13.583984375 3133.7573774288862 78
40 2.6 3233.5547907902646 2138.4712634224898 9162.51318359375 13.583984375 3150.0908981849407 116
50 4.2 2991.4092203776045 2786.090082340105 9162.51318359375 13.10400390625 3165.3730193661972 142
60 3.6 2631.518541124131 2831.198062728219 9633.200927734375 13.10400390625 3125.663891336192 184
70 3.6 2877.904120551215 2651.578107435445 9633.200927734375 12.89990234375 3044.803743119673 220
80 3 3038.568123372396 2487.336351692654 9633.200927734375 12.89990234375 3021.333483695984 256
90 4 3282.9537353515625 2765.914264375622 9633.200927734375 12.89990234375 3023.1413130326705 286
100 7.3 3023.026775203339 2442.572268997995 9633.200927734375 12.89990234375 3055.0201378570746 326
110 7.7 3157.799243481128 2739.5687325626777 9633.200927734375 12.89990234375 3049.166715617168 399
120 7.9 2960.538487687896 2364.2948658374944 9633.200927734375 12.89990234375 3066.739624536338 476
130 9.3 2641.474572622649 2621.0260533981404 9823.246826171875 12.89990234375 3051.622705957911 555
140 7.7 3029.6999258066153 2663.4605888967963 9823.246826171875 12.89990234375 2992.758853488498 648
150 8.7 3310.482239471085 2451.6086389760558 9823.246826171875 12.89990234375 2996.6822501346983 725
160 8.2 3364.72113483708 2207.6482973764737 9823.246826171875 12.89990234375 3030.303677563597 812
170 7.1 3554.489109952685 2638.510849164712 9823.246826171875 12.89990234375 3060.9773145842073 894
180 8.4 3182.897972470239 2579.5590260455556 9823.246826171875 12.89990234375 3097.2875088548412 965
190 7.5 2978.2664160156255 2708.9525101433433 9823.246826171875 12.844970703125 3104.142874864082 1049
200 2.7 5428.9802155671305 1863.5795334779152 9823.246826171875 12.844970703125 3095.7436449587135 1124
200 0 0 0 9823.246826171875 12.844970703125 3150.476388144141 1151
