0 6.659375 6.659375
10 14.05 20.709375
20 18.228125 38.9375
30 16.15703125 55.09453125
40 12.7859375 67.88046875
50 16.83359375 84.7140625
60 12.97421875 97.68828125
70 16.39296875 114.08125
80 15.23125 129.3125
90 21.98203125 151.29453125
100 30.38125 181.67578125
110 34.634375 216.31015625
120 33.78203125 250.0921875
130 36.26953125 286.36171875
140 33.21171875 319.5734375
150 45.12109375 364.69453125
160 37.99921875 402.69375
170 34.72578125 437.41953125
180 37.00625 474.42578125
190 34.8109375 509.23671875
200 11.8359375 521.07265625
200 0 521.07265625
