0 116.565625 116.565625
10 243.8578125 360.4234375
20 267.5484375 627.971875
30 247.26484375 875.23671875
40 208.3921875 1083.62890625
50 271.59375 1355.22265625
60 230.1109375 1585.33359375
70 249.13125 1834.46484375
80 243.8046875 2078.26953125
90 341.365625 2419.63515625
100 479.68046875 2899.315625
110 582.0921875 3481.4078125
120 568.83203125 4050.23984375
130 660.240625 4710.48046875
140 545.2453125 5255.72578125
150 709.4875 5965.21328125
160 567.403125 6532.61640625
170 565.9125 7098.52890625
180 575.03359375 7673.5625
190 606.77421875 8280.33671875
200 92.00859375 8372.3453125
200 0 8372.3453125
