0 16.4 164
10 25.5 419
20 27.7 696
30 29.8 994
40 31.6 1310
50 29.8 1608
60 36.7 1975
70 43.7 2412
80 42.8 2840
90 38.2 3222
100 39.8 3620
110 42.9 4049
120 41 4459
130 41 4869
140 39.3 5262
150 35.6 5618
160 35.3 5971
170 36.5 6336
180 36.6 6702
190 38.9 7091
200 35.5 7446
210 32.1 7767
220 36.4 8131
230 34 8471
240 26.3 8734
250 4.9 8783
260 1.4 8797
270 0.8 8805
280 0.1 8806
290 0.1 8807
300 0.1 8808
310 0 8808
320 0 8808
330 0 8808
340 0 8808
350 0 8808
360 0 8808
370 0 8808
380 0 8808
390 0 8808
400 0 8808
410 0 8808
420 0 8808
430 0 8808
440 0 8808
450 0 8808
460 0 8808
470 0 8808
480 0 8808
486 0 8808
