0 0.2 2
10 1.9 21
20 5.2 73
30 8.5 158
40 9.6 254
50 10.9 363
60 13.8 501
70 11.9 620
80 14.5 765
90 17.6 941
100 15 1091
110 13.2 1223
120 17 1393
130 15.4 1547
140 17.2 1719
150 17.2 1891
160 14.7 2038
170 12.8 2166
180 14.5 2311
190 17 2481
200 20.1 2682
210 23.1 2913
220 20.1 3114
230 22.1 3335
240 23.2 3567
250 18.1 3748
260 15.3 3901
270 8.4 3985
280 7.3 4058
290 6.2 4120
300 3.1 4151
310 2.4 4175
320 1.6 4191
330 1 4201
340 1.3 4214
350 0.3 4217
360 0.4 4221
370 0.4 4225
380 0.1 4226
390 0 4226
400 0 4226
410 0.1 4227
420 0.1 4228
430 0.1 4229
440 0 4229
450 0.1 4230
460 0 4230
470 0 4230
480 0 4230
486 0 4230
