0 12.7 3.6147018793061028 17.400276124573125 141.4169921875 0.800048828125 0 0
10 15.1 1.4739416261382452 0.6726425504945283 141.4169921875 0.800048828125 3.6147018793061028 127
20 14 1.4402605329241067 0.5021141865918498 141.4169921875 0.760986328125 2.451914835319245 278
30 14.9 1.498422097839765 0.8100081990726353 141.4169921875 0.760986328125 2.113083250784988 418
40 15.8 1.6316891440862338 0.7658553637656352 141.4169921875 0.760986328125 1.9515585386353616 567
50 15.7 1.4245683220541403 0.8234195141601439 141.4169921875 0.760986328125 1.8818490705818967 725
60 20.6 3.0000391099059445 7.077946850842153 141.4169921875 0.739013671875 1.8004510235083617 882
70 24.5 1.2936453683035716 0.44057982601484236 141.4169921875 0.739013671875 2.0275789148667274 1088
80 25.4 1.2327390655757884 0.8172409738351984 141.4169921875 0.739013671875 1.8926849021825765 1333
90 23.6 1.4253736592955508 2.749607908593295 141.4169921875 0.739013671875 1.7870603007344834 1587
100 25.6 1.3528671264648442 0.8912759010326382 141.4169921875 0.73291015625 1.7402374552163329 1823
110 25.4 1.729411448080709 2.440051214635725 141.4169921875 0.73291015625 1.6925381747159092 2079
120 26.3 1.5122432346126427 3.6146048025253084 141.4169921875 0.723876953125 1.6965526674011466 2333
130 26.3 1.3278622935480047 1.3873784387969923 141.4169921875 0.723876953125 1.6778803327234206 2596
140 24.5 1.2777343749999996 0.3450256129587054 141.4169921875 0.723876953125 1.6456821010678997 2859
150 27.3 1.322337168040293 0.8929682429135181 141.4169921875 0.720947265625 1.6166398353183393 3104
160 26.6 1.3393270162711475 0.7795233122675508 141.4169921875 0.720947265625 1.592848118360416 3377
170 27.3 3.1612061441163006 12.705169453708416 141.4169921875 0.720947265625 1.574336832838663 3643
180 16.3 1.686960793711657 4.531176637819003 141.4169921875 0.720947265625 1.6849638302796222 3916
190 16.6 1.2364840220256024 0.28442664730671835 141.4169921875 0.720947265625 1.685043630485413 4079
200 15.1 1.2824302824917213 0.2888458166711165 141.4169921875 0.720947265625 1.6675027836057126 4245
210 15.4 2.5701856737012987 7.911495491589682 141.4169921875 0.720947265625 1.654275770942334 4396
220 17.2 1.314671716024709 0.3129618459499919 141.4169921875 0.7109375 1.6852757984203297 4550
230 20.1 1.909706836909204 2.2072884075820287 141.4169921875 0.7109375 1.6717764544618277 4722
240 3.5 3.023890904017857 9.582850269248059 141.4169921875 0.7109375 1.6814908576452365 4923
250 3.7 1.5020455025337838 0.7588581012294296 141.4169921875 0.7109375 1.690967259747504 4958
260 3.1 1.4465095766129032 0.30366561423164623 141.4169921875 0.7109375 1.6895678393236988 4995
270 2.5 1.70748046875 1.5800496286130732 141.4169921875 0.7109375 1.6880686737558446 5026
280 2.4 1.9635416666666679 1.6546330906599083 141.4169921875 0.7109375 1.6881647527253267 5051
290 3.2 1.5509490966796875 0.7482312710669444 141.4169921875 0.7109375 1.68946702778633 5075
300 1.9 2.8028371710526314 6.09223008361309 141.4169921875 0.7109375 1.6885990869609115 5107
310 2.1 1.4675176711309523 0.25686973476428504 141.4169921875 0.7109375 1.6927291149745172 5126
320 1.6 1.426177978515625 0.2758185784874675 141.4169921875 0.7109375 1.6918102417822276 5147
330 1 1.3982666015625 0.303592456141457 141.4169921875 0.7109375 1.690987054446906 5163
340 1.3 1.5277569110576923 0.2589167244360025 141.4169921875 0.7109375 1.6904211923690315 5173
350 0.3 1.3966471354166667 0.2362145465350611 141.4169921875 0.7109375 1.6900134338543675 5186
360 0.4 8.15826416015625 11.43149363258527 141.4169921875 0.7109375 1.6898438252794372 5189
370 0.4 1.68701171875 0.45479817436316516 141.4169921875 0.7109375 1.6948262403265213 5193
380 0.1 1.738037109375 0.0 141.4169921875 0.7109375 1.694820225686093 5197
390 0 0 0 141.4169921875 0.7109375 1.6948285398230087 5198
400 0 0 0 141.4169921875 0.7109375 1.6948285398230087 5198
410 0.1 1.316162109375 0.0 141.4169921875 0.7109375 1.6948285398230087 5198
420 0.1 29.2978515625 0.0 141.4169921875 0.7109375 1.6947557053489855 5199
430 0.1 1.593017578125 0.0 141.4169921875 0.7109375 1.7000639930138222 5200
440 0 0 0 141.4169921875 0.7109375 1.700043411122861 5201
450 0.1 1.2060546875 0.0 141.4169921875 0.7109375 1.700043411122861 5201
460 0 0 0 141.4169921875 0.7109375 1.699948449814975 5202
470 0 0 0 141.4169921875 0.7109375 1.699948449814975 5202
480 0 0 0 141.4169921875 0.7109375 1.699948449814975 5202
486 0.1 59.138916015625 0.0 141.4169921875 0.7109375 1.699948449814975 5202
