0 125 125
10 257 132
20 345 88
30 409 64
40 471 62
50 519 48
60 582 63
70 689 107
80 777 88
90 814 37
100 906 92
110 1011 105
120 1077 66
130 1156 79
140 1205 49
150 1234 29
160 1268 34
170 1316 48
180 1255 -61
190 1184 -71
200 1081 -103
210 955 -126
220 880 -75
230 818 -62
240 582 -236
250 396 -186
260 251 -145
270 164 -87
280 91 -73
290 43 -48
300 13 -30
310 6 -7
320 4 -2
330 1 -3
340 1 0
350 0 -1
360 0 0
370 0 0
380 0 0
390 0 0
400 0 0
410 0 0
420 0 0
430 0 0
440 0 0
450 0 0
460 0 0
470 0 0
480 0 0
486 0 0
