0 0.1 2.2119370956580258 0 2.2119370956580258 2.2119370956580258 0 0
10 0.1 5.506391347099312 0.0 5.506391347099312 2.2119370956580258 2.2119370956580258 1
20 0.1 5.528134254689043 0.0 5.528134254689043 2.2119370956580258 3.859164221378669 2
30 0.1 16.571969696969695 0.0 16.571969696969695 2.2119370956580258 4.41548756581546 3
40 0.1 7.0588235294117645 0.0 16.571969696969695 2.2119370956580258 7.454608098604019 4
50 0.1 17.44075829383886 0.0 17.44075829383886 2.2119370956580258 7.375451184765568 5
60 0.1 7.443682664054848 0.0 17.44075829383886 2.2119370956580258 9.053002369611116 6
70 0.1 8.382642998027613 0.0 17.44075829383886 2.2119370956580258 8.82309955453165 7
80 0.1 9.341199606686331 0.0 17.44075829383886 2.2119370956580258 8.768042484968646 8
90 0.1 9.901960784313726 0.0 17.44075829383886 2.2119370956580258 8.831726609603944 9
100 0.1 9.86328125 0.0 17.44075829383886 2.2119370956580258 8.938750027074922 10
110 0.1 21.161048689138575 0.0 21.161048689138575 2.2119370956580258 9.022798320068112 11
120 0.1 11.411992263056092 0.0 21.161048689138575 2.2119370956580258 10.034319184157317 12
130 0.1 9.980430528375733 0.0 21.161048689138575 2.2119370956580258 10.1402940363803 13
140 0.1 10.263929618768328 0.0 21.161048689138575 2.2119370956580258 10.128875214379974 14
150 0.1 9.970674486803519 0.0 21.161048689138575 2.2119370956580258 10.137878841339196 15
160 0.1 21.46204311152765 0.0 21.46204311152765 2.2119370956580258 10.127428569180717 16
170 0.1 10.675808031341822 0.0 21.46204311152765 2.2119370956580258 10.79417060108348 17
180 0.1 10.980392156862745 0.0 21.46204311152765 2.2119370956580258 10.787594902764498 18
190 0.1 8.635917566241414 0.0 21.46204311152765 2.2119370956580258 10.797742126664405 19
200 0.1 8.431372549019608 0.0 21.46204311152765 2.2119370956580258 10.689650898643254 20
210 0.1 9.320388349514563 0.0 21.46204311152765 2.2119370956580258 10.58211383437546 21
220 0.1 18.602455146364495 0.0 21.46204311152765 2.2119370956580258 10.524762675972694 22
230 0.1 8.185404339250493 0.0 21.46204311152765 2.2119370956580258 10.875966696424511 23
240 0.1 7.866273352999016 0.0 21.46204311152765 2.2119370956580258 10.763859931542262 24
250 0.1 4.051383399209486 0.0 21.46204311152765 2.2119370956580258 10.647956468400531 25
260 0.1 3.2544378698224854 0.0 21.46204311152765 2.2119370956580258 10.394242119585492 26
270 0.1 13.757115749525617 0.0 21.46204311152765 2.2119370956580258 10.129804925149825 27
280 0.1 1.6848364717542121 0.0 21.46204311152765 1.6848364717542121 10.259351740306103 28
290 0.1 1.7769002961500493 0.0 21.46204311152765 1.6848364717542121 9.96367880001121 29
300 0.1 1.4822134387351777 0.0 21.46204311152765 1.4822134387351777 9.69078618321584 30
310 0.1 1.089108910891089 0.0 21.46204311152765 1.089108910891089 9.425993514039044 31
320 0.1 1.0880316518298714 0.0 21.46204311152765 1.0880316518298714 9.16546587019067 32
330 0.1 1.1822660098522169 0.0 21.46204311152765 1.0880316518298714 8.92069513630095 33
340 0.1 1.0880316518298714 0.0 21.46204311152765 1.0880316518298714 8.693094279640693 34
350 0.1 0.9871668311944718 0.0 21.46204311152765 0.9871668311944718 8.475806775988955 35
360 0.1 13.022813688212928 0.0 21.46204311152765 0.9871668311944718 8.267788999744663 36
370 0.1 1.0848126232741617 0.0 21.46204311152765 0.9871668311944718 8.396303180514076 37
380 0.1 0.7905138339920948 0.0 21.46204311152765 0.7905138339920948 8.20389553427092 38
390 0.1 0.9871668311944718 0.0 21.46204311152765 0.7905138339920948 8.013808824007361 39
400 0.1 0.8902077151335311 0.0 21.46204311152765 0.7905138339920948 7.838142774187039 40
410 0.1 0.9861932938856016 0.0 21.46204311152765 0.7905138339920948 7.668680943478418 41
420 0.1 0.8866995073891626 0.0 21.46204311152765 0.7905138339920948 7.509574094678589 42
430 0.1 0.9861932938856016 0.0 21.46204311152765 0.7905138339920948 7.3555537554393 43
440 0.1 13.270142180094787 0.0 21.46204311152765 0.7905138339920948 7.210795563131262 44
450 0.1 1.085883514313919 0.0 21.46204311152765 0.7905138339920948 7.345447710174896 45
460 0.1 11.581920903954803 0.0 21.46204311152765 0.7905138339920948 7.209370227656179 46
470 0.1 2.843137254901961 0.0 21.46204311152765 0.7905138339920948 7.302403220768917 47
480 0.1 0.9861932938856016 0.0 21.46204311152765 0.7905138339920948 7.209501846480021 48
