0 0.2 2
10 2 22
20 5.5 77
30 8.2 159
40 9.9 258
50 11.1 369
60 13.6 505
70 11.6 621
80 14.7 768
90 17.4 942
100 15.3 1095
110 13.2 1227
120 16.7 1394
130 15.5 1549
140 17.7 1726
150 21.6 1942
160 20.3 2145
170 19.4 2339
180 19.7 2536
190 20.8 2744
200 23.1 2975
210 25.5 3230
220 21.7 3447
230 23 3677
240 24 3917
250 19.2 4109
260 14.4 4253
270 9.4 4347
280 7.6 4423
290 5.7 4480
300 3.2 4512
310 2.4 4536
320 1.7 4553
330 0.9 4562
340 1.3 4575
350 0.3 4578
360 0.4 4582
370 0.4 4586
380 0.1 4587
390 0 4587
400 0 4587
410 0.1 4588
420 0.1 4589
430 0.1 4590
440 0 4590
450 0.1 4591
460 0 4591
470 0 4591
480 0 4591
486 0.1 4592
