0 0.1 3059.50390625 0 3059.50390625 3059.50390625 0 0
10 0.1 3052.77734375 0.0 3059.50390625 3052.77734375 3059.50390625 1
20 0.1 3044.39453125 0.0 3059.50390625 3044.39453125 3056.140625 2
30 0.1 3038.87890625 0.0 3059.50390625 3038.87890625 3052.2252604166665 3
40 0.1 3035.44921875 0.0 3059.50390625 3035.44921875 3048.888671875 4
50 0.1 3034.33984375 0.0 3059.50390625 3034.33984375 3046.20078125 5
60 0.1 3034.0703125 0.0 3059.50390625 3034.0703125 3044.2239583333335 6
70 0.1 3031.80078125 0.0 3059.50390625 3031.80078125 3042.7734375 7
80 0.1 3025.71484375 0.0 3059.50390625 3025.71484375 3041.40185546875 8
90 0.1 3019.4296875 0.0 3059.50390625 3019.4296875 3039.6588541666665 9
100 0.1 3015.6015625 0.0 3059.50390625 3015.6015625 3037.6359375 10
110 0.1 3011.0859375 0.0 3059.50390625 3011.0859375 3035.6328125 11
120 0.1 3004.3046875 0.0 3059.50390625 3004.3046875 3033.5872395833335 12
130 0.1 2996.0234375 0.0 3059.50390625 2996.0234375 3031.334735576923 13
140 0.1 2989.46484375 0.0 3059.50390625 2989.46484375 3028.8125 14
150 0.1 2986.30078125 0.0 3059.50390625 2986.30078125 3026.1893229166667 15
160 0.1 2985.22265625 0.0 3059.50390625 2985.22265625 3023.6962890625 16
170 0.1 2984.48046875 0.0 3059.50390625 2984.48046875 3021.4331341911766 17
180 0.1 2984.109375 0.0 3059.50390625 2984.109375 3019.3802083333335 18
190 0.1 2983.41015625 0.0 3059.50390625 2983.41015625 3017.5238486842104 19
200 0.1 2983.04296875 0.0 3059.50390625 2983.04296875 3015.8181640625 20
210 0.1 2982.671875 0.0 3059.50390625 2982.671875 3014.2574404761904 21
220 0.1 2982.5234375 0.0 3059.50390625 2982.5234375 3012.8217329545455 22
230 0.1 2982.546875 0.0 3059.50390625 2982.5234375 3011.5044157608695 23
240 0.1 2982.59765625 0.0 3059.50390625 2982.5234375 3010.2978515625 24
250 0.1 2982.625 0.0 3059.50390625 2982.5234375 3009.18984375 25
260 0.1 2983.0390625 0.0 3059.50390625 2982.5234375 3008.1681189903848 26
270 0.1 2983.078125 0.0 3059.50390625 2982.5234375 3007.2374131944443 27
280 0.1 2992.13671875 0.0 3059.50390625 2982.5234375 3006.374581473214 28
290 0.1 2992.49609375 0.0 3059.50390625 2982.5234375 3005.8836206896553 29
300 0.1 2993.23046875 0.0 3059.50390625 2982.5234375 3005.4373697916667 30
310 0.1 2993.93359375 0.0 3059.50390625 2982.5234375 3005.0435987903224 31
320 0.1 2994.07421875 0.0 3059.50390625 2982.5234375 3004.6964111328125 32
330 0.1 2994.5546875 0.0 3059.50390625 2982.5234375 3004.3745265151515 33
340 0.1 2994.78515625 0.0 3059.50390625 2982.5234375 3004.0857077205883 34
350 0.1 2994.796875 0.0 3059.50390625 2982.5234375 3003.8199776785714 35
360 0.1 3004.859375 0.0 3059.50390625 2982.5234375 3003.5693359375 36
370 0.1 3005.05078125 0.0 3059.50390625 2982.5234375 3003.604201858108 37
380 0.1 3005.21484375 0.0 3059.50390625 2982.5234375 3003.6422697368416 38
390 0.1 3005.5078125 0.0 3059.50390625 2982.5234375 3003.6825921474356 39
400 0.1 3005.796875 0.0 3059.50390625 2982.5234375 3003.7282226562497 40
410 0.1 3006.14453125 0.0 3059.50390625 2982.5234375 3003.778677591463 41
420 0.1 3006.46875 0.0 3059.50390625 2982.5234375 3003.8350074404757 42
430 0.1 3006.671875 0.0 3059.50390625 2982.5234375 3003.8962572674413 43
440 0.1 3008.4375 0.0 3059.50390625 2982.5234375 3003.9593394886356 44
450 0.1 3008.62890625 0.0 3059.50390625 2982.5234375 3004.058854166666 45
460 0.1 3002.4921875 0.0 3059.50390625 2982.5234375 3004.1582031249995 46
470 0.1 3008.60546875 0.0 3059.50390625 2982.5234375 3004.1227559840418 47
480 0.1 3008.63671875 0.0 3059.50390625 2982.5234375 3004.2161458333326 48
