0 0.1 0.01171875 0 0.01171875 0.01171875 0 0
10 0.1 0.01171875 0.0 0.01171875 0.01171875 0.01171875 1
20 0.1 0.01171875 0.0 0.01171875 0.01171875 0.01171875 2
30 0.1 0.078125 0.0 0.078125 0.01171875 0.01171875 3
40 0.1 0.0703125 0.0 0.078125 0.01171875 0.0283203125 4
50 0.1 0.140625 0.0 0.140625 0.01171875 0.03671875 5
60 0.1 0.19140625 0.0 0.19140625 0.01171875 0.054036458333333336 6
70 0.1 0.23046875 0.0 0.23046875 0.01171875 0.07366071428571429 7
80 0.1 0.19921875 0.0 0.23046875 0.01171875 0.09326171875 8
90 0.1 0.171875 0.0 0.23046875 0.01171875 0.10503472222222222 9
100 0.1 0.140625 0.0 0.23046875 0.01171875 0.11171875 10
110 0.1 0.19140625 0.0 0.23046875 0.01171875 0.11434659090909091 11
120 0.1 0.16015625 0.0 0.23046875 0.01171875 0.12076822916666667 12
130 0.1 0.12890625 0.0 0.23046875 0.01171875 0.12379807692307693 13
140 0.1 0.109375 0.0 0.23046875 0.01171875 0.12416294642857142 14
150 0.1 0.1015625 0.0 0.23046875 0.01171875 0.12317708333333334 15
160 0.1 0.078125 0.0 0.23046875 0.01171875 0.121826171875 16
170 0.1 0.0703125 0.0 0.23046875 0.01171875 0.11925551470588236 17
180 0.1 0.05859375 0.0 0.23046875 0.01171875 0.11653645833333333 18
190 0.1 0.05078125 0.0 0.23046875 0.01171875 0.11348684210526316 19
200 0.1 0.12109375 0.0 0.23046875 0.01171875 0.1103515625 20
210 0.1 0.1015625 0.0 0.23046875 0.01171875 0.11086309523809523 21
220 0.1 0.078125 0.0 0.23046875 0.01171875 0.11044034090909091 22
230 0.1 0.0703125 0.0 0.23046875 0.01171875 0.10903532608695653 23
240 0.1 0.05859375 0.0 0.23046875 0.01171875 0.107421875 24
250 0.1 0.05078125 0.0 0.23046875 0.01171875 0.10546875 25
260 0.1 0.0390625 0.0 0.23046875 0.01171875 0.10336538461538461 26
270 0.1 0.0390625 0.0 0.23046875 0.01171875 0.1009837962962963 27
280 0.1 0.03125 0.0 0.23046875 0.01171875 0.09877232142857142 28
290 0.1 0.01953125 0.0 0.23046875 0.01171875 0.09644396551724138 29
300 0.1 0.01953125 0.0 0.23046875 0.01171875 0.09388020833333334 30
310 0.1 0.01953125 0.0 0.23046875 0.01171875 0.09148185483870967 31
320 0.1 0.01171875 0.0 0.23046875 0.01171875 0.0892333984375 32
330 0.1 0.01171875 0.0 0.23046875 0.01171875 0.0868844696969697 33
340 0.1 0.01171875 0.0 0.23046875 0.01171875 0.08467371323529412 34
350 0.1 0.01171875 0.0 0.23046875 0.01171875 0.08258928571428571 35
360 0.1 0.078125 0.0 0.23046875 0.01171875 0.08062065972222222 36
370 0.1 0.0703125 0.0 0.23046875 0.01171875 0.08055320945945946 37
380 0.1 0.05859375 0.0 0.23046875 0.01171875 0.08028371710526316 38
390 0.1 0.05078125 0.0 0.23046875 0.01171875 0.0797275641025641 39
400 0.1 0.0390625 0.0 0.23046875 0.01171875 0.07900390625 40
410 0.1 0.03125 0.0 0.23046875 0.01171875 0.0780297256097561 41
420 0.1 0.03125 0.0 0.23046875 0.01171875 0.07691592261904762 42
430 0.1 0.01953125 0.0 0.23046875 0.01171875 0.07585392441860465 43
440 0.1 0.1015625 0.0 0.23046875 0.01171875 0.07457386363636363 44
450 0.1 0.078125 0.0 0.23046875 0.01171875 0.07517361111111111 45
460 0.1 0.0703125 0.0 0.23046875 0.01171875 0.07523777173913043 46
470 0.1 0.05859375 0.0 0.23046875 0.01171875 0.07513297872340426 47
480 0.1 0.05078125 0.0 0.23046875 0.01171875 0.07478841145833333 48
