0 16.6 17.3729380412274 22.236716150470365 224.89794921875 7.862060546875 0 0
10 27.4 22.455136041571624 16.56143169678371 224.89794921875 7.862060546875 17.3729380412274 166
20 32.9 31.87284057988222 25.395210981463833 224.89794921875 7.862060546875 20.537761341441758 440
30 38.3 33.16991868778558 29.130310990975712 224.89794921875 7.862060546875 25.38722957219197 769
40 41.2 46.629388605506655 36.268485245588174 224.89794921875 7.862060546875 27.97470347086589 1152
50 40.7 37.15131260077551 25.200104872807675 224.89794921875 7.862060546875 32.88885326336717 1564
60 50.5 108.49927096225248 69.80238431423291 326.2412109375 7.862060546875 33.769026246789394 1971
70 55.6 221.321109469846 92.65572432876434 488.64111328125 7.862060546875 49.01085725701106 2476
80 57.3 992.7093018004199 370.6846690133139 1600.594970703125 7.862060546875 80.6086475704465 3032
90 55.8 1892.7011504361283 204.4374508835905 2277.969970703125 7.862060546875 225.58331466442007 3605
100 54.8 2761.356730440237 249.38542553917472 3304.024169921875 7.862060546875 449.04037744621525 4163
110 56 3908.6008558000835 479.9255280217689 4748.634033203125 7.862060546875 718.0171045616311 4711
120 58.1 5049.197431607012 377.83199527304913 5699.088134765625 7.862060546875 1056.9901458618651 5271
130 56.4 6039.143793633642 234.8472675596642 6683.944091796875 7.862060546875 1453.3456538963715 5852
140 56.5 7483.7532585211575 661.0574218291845 8507.967041015625 4.14794921875 1856.461325781007 6416
150 66.3 6986.444149978203 3528.0083384135582 9622.083984375 0.87890625 2311.9003663193516 6981
160 64.2 7905.870627144787 4020.6903905564864 10180.781982421875 0.783935546875 2717.3454904122113 7644
170 71.1 7047.207507513076 4466.342827282465 10220.342041015625 0.68701171875 3119.352868855648 8286
180 61.7 8523.184689019456 3220.447321802385 10220.342041015625 0.68701171875 3429.756853304401 8997
190 59.7 8891.755829113006 377.7246463122 10220.342041015625 0.68701171875 3756.639001695933 9614
200 58.3 7804.453766130872 524.9137103013372 10220.342041015625 0.68701171875 4056.870589784073 10211
210 57.1 6429.285308036204 455.690082385921 10220.342041015625 0.68701171875 4259.283133031265 10794
220 58.1 4722.99153029529 637.6526721065097 10220.342041015625 0.68701171875 4368.3083192985605 11365
230 57.1 3122.076788853847 294.35468614133947 10220.342041015625 0.68701171875 4385.558524018894 11946
240 50.4 1601.611051044766 1108.824527830447 10220.342041015625 0.68701171875 4327.921065300412 12517
250 23.5 28.77204953457447 26.781319773982375 10220.342041015625 0.68701171875 4222.3945890555115 13021
260 16.9 245.97651627218934 434.2259083091164 10220.342041015625 0.68701171875 4148.050797807215 13256
270 9.9 20.33677842881944 13.740934420380105 10220.342041015625 0.68701171875 4098.929713741709 13425
280 7.5 22.699612630208332 13.038416769108665 10220.342041015625 0.68701171875 4069.073110621628 13524
290 6.4 20.227584838867188 15.769665114399139 10220.342041015625 0.68701171875 4046.756909992953 13599
300 3.3 26.714111328125004 26.63547101147898 10220.342041015625 0.68701171875 4027.8959075183966 13663
310 2.4 21.58673095703125 6.784419611168893 10220.342041015625 0.68701171875 4018.2552095573656 13696
320 1.6 27.665878295898438 35.65530455822875 10220.342041015625 0.68701171875 4011.2639527434876 13720
330 1 20.4547607421875 6.456886526240953 10220.342041015625 0.68701171875 4006.6237686148356 13736
340 1.3 24.23358623798077 20.76169909921308 10220.342041015625 0.68701171875 4003.723893008934 13746
350 0.3 20.871988932291668 8.032540561113088 10220.342041015625 0.68701171875 3999.963926878545 13759
360 0.4 28.42083740234375 9.92132978424403 10220.342041015625 0.68701171875 3999.096518375868 13762
370 0.4 19.54400634765625 3.6670870604858417 10220.342041015625 0.68701171875 3997.9427552839097 13766
380 0.1 26.625 0.0 10220.342041015625 0.68701171875 3996.7870838971457 13770
390 0 0 0 10220.342041015625 0.68701171875 3996.4987851473165 13771
400 0 0 0 10220.342041015625 0.68701171875 3996.4987851473165 13771
410 0.1 15.158935546875 0.0 10220.342041015625 0.68701171875 3996.4987851473165 13771
420 0.1 51.289794921875 0.0 10220.342041015625 0.68701171875 3996.209695701368 13772
430 0.1 16.90380859375 0.0 10220.342041015625 0.68701171875 3995.923271545354 13773
440 0 0 0 10220.342041015625 0.68701171875 3995.6343925368633 13774
450 0.1 28.8798828125 0.0 10220.342041015625 0.68701171875 3995.6343925368633 13774
460 0 0 0 10220.342041015625 0.68701171875 3995.3464248773553 13775
470 0 0 0 10220.342041015625 0.68701171875 3995.3464248773553 13775
480 0 0 0 10220.342041015625 0.68701171875 3995.3464248773553 13775
486 0.1 62.4560546875 0.0 10220.342041015625 0.68701171875 3995.3464248773553 13775
