10 0.1 1202 0 1202 1202 0 0
20 0.1 1833.0 0.0 1833 1202 1202.0 1
30 0.1 2214.0 0.0 2214 1202 1517.5 2
40 0.1 2212.0 0.0 2214 1202 1749.6666666666667 3
50 0.1 2587.0 0.0 2587 1202 1865.25 4
60 0.1 2369.0 0.0 2587 1202 2009.6 5
70 0.1 3119.0 0.0 3119 1202 2069.5 6
80 0.1 3579.0 0.0 3579 1202 2219.4285714285716 7
90 0.1 3546.0 0.0 3579 1202 2389.375 8
100 0.1 3455.0 0.0 3579 1202 2517.8888888888887 9
110 0.1 3782.0 0.0 3782 1202 2611.6 10
120 0.1 3506.0 0.0 3782 1202 2718.0 11
130 0.1 3482.0 0.0 3782 1202 2783.6666666666665 12
140 0.1 3612.0 0.0 3782 1202 2837.3846153846152 13
150 0.1 3687.0 0.0 3782 1202 2892.714285714286 14
160 0.1 4623.0 0.0 4623 1202 2945.6666666666665 15
170 0.1 4510.0 0.0 4623 1202 3050.5 16
180 0.1 4563.0 0.0 4623 1202 3136.3529411764707 17
190 0.1 3714.0 0.0 4623 1202 3215.6111111111113 18
200 0.1 3093.0 0.0 4623 1202 3241.842105263158 19
210 0.1 3255.0 0.0 4623 1202 3234.4 20
220 0.1 3175.0 0.0 4623 1202 3235.3809523809523 21
230 0.1 3106.0 0.0 4623 1202 3232.6363636363635 22
240 0.1 3035.0 0.0 4623 1202 3227.1304347826085 23
250 0.1 1517.0 0.0 4623 1202 3219.125 24
260 0.1 801.0 0.0 4623 801 3151.04 25
270 0.1 642.0 0.0 4623 642 3060.653846153846 26
280 0.1 558.0 0.0 4623 558 2971.074074074074 27
290 0.1 297.0 0.0 4623 297 2884.8928571428573 28
300 0.1 240.0 0.0 4623 240 2795.655172413793 29
310 0.1 154.0 0.0 4623 154 2710.4666666666667 30
320 0.1 109.0 0.0 4623 109 2628.0 31
330 0.1 61.0 0.0 4623 61 2549.28125 32
340 0.1 66.0 0.0 4623 61 2473.878787878788 33
350 0.1 34.0 0.0 4623 34 2403.0588235294117 34
360 0.1 252.0 0.0 4623 34 2335.3714285714286 35
370 0.1 164.0 0.0 4623 34 2277.5 36
380 0.1 10.0 0.0 4623 10 2220.3783783783783 37
390 0.1 5.0 0.0 4623 5 2162.2105263157896 38
400 0.1 84.0 0.0 4623 5 2106.897435897436 39
410 0.1 5.0 0.0 4623 5 2056.325 40
420 0.1 2.0 0.0 4623 2 2006.2926829268292 41
430 0.1 5.0 0.0 4623 2 1958.5714285714287 42
440 0.1 149.0 0.0 4623 2 1913.139534883721 43
450 0.1 127.0 0.0 4623 2 1873.0454545454545 44
460 0.1 1.0 0.0 4623 1 1834.2444444444445 45
470 0.1 139.0 0.0 4623 1 1794.391304347826 46
480 0.1 2.0 0.0 4623 1 1759.1702127659576 47
