10 0.1 1216 0 1216 1216 0 0
20 0.1 1774.0 0.0 1774 1216 1216.0 1
30 0.1 2014.0 0.0 2014 1216 1495.0 2
40 0.1 2109.0 0.0 2109 1216 1668.0 3
50 0.1 2333.0 0.0 2333 1216 1778.25 4
60 0.1 2330.0 0.0 2333 1216 1889.2 5
70 0.1 2894.0 0.0 2894 1216 1962.6666666666667 6
80 0.1 3428.0 0.0 3428 1216 2095.714285714286 7
90 0.1 3422.0 0.0 3428 1216 2262.25 8
100 0.1 3353.0 0.0 3428 1216 2391.1111111111113 9
110 0.1 3456.0 0.0 3456 1216 2487.3 10
120 0.1 3314.0 0.0 3456 1216 2575.3636363636365 11
130 0.1 3371.0 0.0 3456 1216 2636.9166666666665 12
140 0.1 3433.0 0.0 3456 1216 2693.3846153846152 13
150 0.1 3607.0 0.0 3607 1216 2746.214285714286 14
160 0.1 4501.0 0.0 4501 1216 2803.6 15
170 0.1 4429.0 0.0 4501 1216 2909.6875 16
180 0.1 4443.0 0.0 4501 1216 2999.0588235294117 17
190 0.1 3510.0 0.0 4501 1216 3079.277777777778 18
200 0.1 2935.0 0.0 4501 1216 3101.9473684210525 19
210 0.1 3160.0 0.0 4501 1216 3093.6 20
220 0.1 2944.0 0.0 4501 1216 3096.7619047619046 21
230 0.1 2992.0 0.0 4501 1216 3089.818181818182 22
240 0.1 2858.0 0.0 4501 1216 3085.5652173913045 23
250 0.1 1582.0 0.0 4501 1216 3076.0833333333335 24
260 0.1 985.0 0.0 4501 985 3016.32 25
270 0.1 787.0 0.0 4501 787 2938.1923076923076 26
280 0.1 597.0 0.0 4501 597 2858.5185185185187 27
290 0.1 363.0 0.0 4501 363 2777.75 28
300 0.1 308.0 0.0 4501 308 2694.4827586206898 29
310 0.1 197.0 0.0 4501 197 2614.9333333333334 30
320 0.1 146.0 0.0 4501 146 2536.935483870968 31
330 0.1 80.0 0.0 4501 80 2462.21875 32
340 0.1 90.0 0.0 4501 80 2390.030303030303 33
350 0.1 46.0 0.0 4501 46 2322.3823529411766 34
360 0.1 222.0 0.0 4501 46 2257.342857142857 35
370 0.1 133.0 0.0 4501 46 2200.8055555555557 36
380 0.1 14.0 0.0 4501 14 2144.9189189189187 37
390 0.1 7.0 0.0 4501 7 2088.842105263158 38
400 0.1 105.0 0.0 4501 7 2035.4615384615386 39
410 0.1 7.0 0.0 4501 7 1987.2 40
420 0.1 1.0 0.0 4501 1 1938.9024390243903 41
430 0.1 7.0 0.0 4501 1 1892.7619047619048 42
440 0.1 182.0 0.0 4501 1 1848.906976744186 43
450 0.1 111.0 0.0 4501 1 1811.0227272727273 44
460 0.1 1.0 0.0 4501 1 1773.2444444444445 45
470 0.1 210.0 0.0 4501 1 1734.7173913043478 46
480 0.1 1.0 0.0 4501 1 1702.276595744681 47
