0 0.2 4736.18896484375 1034.72119140625 5770.91015625 3701.4677734375 0 0
10 2 10538.577746582032 3885.7498847155753 15778.87109375 1788.156982421875 4736.18896484375 2
20 5.5 15072.462131569602 5797.772639417063 24273.75390625 1788.156982421875 10011.087857333097 22
30 8.2 16465.76257919684 10020.416224588838 36185.329833984375 1563.699951171875 13626.355196073459 77
40 9.9 22317.367697975853 11340.27839842241 46334.960205078125 1292.699951171875 15090.703657810043 159
50 11.1 27510.657752234656 13738.241076397913 53855.35791015625 1292.699951171875 17863.725905780644 258
60 13.6 28497.315686394188 16248.996972869072 64896.9130859375 1292.699951171875 20765.648493738354 369
70 11.6 28298.592005236394 18837.07995964429 72818.5400390625 1292.699951171875 22847.840054532797 505
80 14.7 31094.901878720237 18130.095541784107 82840.73706054688 1292.699951171875 23866.01594226487 621
90 17.4 31353.49508772225 18181.84122761941 89957.41796875 1292.699951171875 25249.66989103953 768
100 15.3 35649.85056040645 20847.077638570605 101535.01586914063 1292.699951171875 26377.128048388568 942
110 13.2 44952.01930190578 24263.196926797962 115241.34008789063 1292.699951171875 27672.76872814997 1095
120 16.7 43030.61486597118 20672.489554472402 115272.69409179688 1292.699951171875 29531.66121041221 1227
130 15.5 49615.09723884829 25781.870779499466 134635.07006835938 1292.699951171875 31148.82423801504 1394
140 17.7 47539.35405632062 21841.612291740716 145063.3359375 1292.699951171875 32996.64367967363 1549
150 21.6 54205.53172810874 25402.386540699536 150699.7470703125 1292.699951171875 34487.987675424796 1726
160 20.3 54804.66967653171 24971.662702367918 150699.7470703125 1292.699951171875 36681.0821735606 1942
170 19.4 53533.72168975516 22283.448188155347 150699.7470703125 1292.699951171875 38396.274837011944 2145
180 19.7 58479.345941069165 29330.188328901346 171002.53491210938 1292.699951171875 39651.79629465717 2339
190 20.8 57535.14659705529 23163.995449869213 171002.53491210938 1292.699951171875 41114.34648406693 2536
200 23.1 56960.56811206372 23832.3207842258 171002.53491210938 1292.699951171875 42359.07185706313 2744
210 25.5 59559.285318053 25958.08597089097 171002.53491210938 1292.699951171875 43492.8350956867 2975
220 21.7 57055.42564736643 25977.299046437824 180418.15209960938 1292.699951171875 44761.23906061036 3230
230 23 61391.49305048404 35212.007758038395 229911.166015625 1292.699951171875 45535.19858753988 3447
240 24 57715.98763936361 33658.516624610136 229911.166015625 1292.699951171875 46527.02554605964 3677
250 19.2 58643.95314788818 37477.498993000016 229911.166015625 1292.699951171875 47212.58870725263 3917
260 14.4 61560.75207180447 35159.218086026274 247565.90502929688 1292.699951171875 47746.738615405964 4109
270 9.4 69227.09624335097 34060.03288116748 247565.90502929688 1292.699951171875 48214.45973878273 4253
280 7.6 84414.99624151933 37058.09064932022 247565.90502929688 1292.699951171875 48668.83927212283 4347
290 5.7 96875.3819858484 36779.19348322789 247565.90502929688 1292.699951171875 49283.06218183889 4423
300 3.2 111972.29675292969 44158.039490842806 247565.90502929688 1292.699951171875 49888.589465059544 4480
310 2.4 107950.5586751302 26181.81173961717 247565.90502929688 1292.699951171875 50328.89944582458 4512
320 1.7 130233.02751608456 34985.48852648175 247565.90502929688 1292.699951171875 50633.775949683346 4536
330 0.9 122641.78721788194 22563.190104867568 247565.90502929688 1292.699951171875 50930.983785534176 4553
340 1.3 143696.69927509016 29658.024368210426 247565.90502929688 1292.699951171875 51072.456216680854 4562
350 0.3 135035.93391927084 2089.9968244831284 247565.90502929688 1292.699951171875 51335.650787120045 4575
360 0.4 176598.79071044922 18751.759440667567 247565.90502929688 1292.699951171875 51390.50025182001 4578
370 0.4 173668.61126708984 40112.6743630347 247565.90502929688 1292.699951171875 51499.80473934392 4582
380 0.1 233980.73681640625 0.0 247565.90502929688 1292.699951171875 51606.362791265194 4586
390 0 0 0 247565.90502929688 1292.699951171875 51646.1217566075 4587
400 0 0 0 247565.90502929688 1292.699951171875 51646.1217566075 4587
410 0.1 180660.24096679688 0.0 247565.90502929688 1292.699951171875 51646.1217566075 4587
420 0.1 189941.40698242188 0.0 247565.90502929688 1292.699951171875 51674.241660533 4588
430 0.1 244103.00903320313 0.0 247565.90502929688 1292.699951171875 51704.371790261015 4589
440 0 0 0 247565.90502929688 1292.699951171875 51746.288704693034 4590
450 0.1 214200.8740234375 0.0 247565.90502929688 1292.699951171875 51746.288704693034 4590
460 0 0 0 247565.90502929688 1292.699951171875 51781.67415128827 4591
470 0 0 0 247565.90502929688 1292.699951171875 51781.67415128827 4591
480 0 0 0 247565.90502929688 1292.699951171875 51781.67415128827 4591
486 0.1 306035.56689453125 0.0 306035.56689453125 1292.699951171875 51781.67415128827 4591
