0 421.76484375 421.76484375
10 1018.74140625 1440.50625
20 1293.17109375 2733.67734375
30 1417.7328125 4151.41015625
40 1511.6046875 5663.01484375
50 1455.984375 7118.99921875
60 1835.90234375 8954.9015625
70 2128.61015625 11083.51171875
80 2096.81875 13180.33046875
90 1934.640625 15114.97109375
100 1998.30625 17113.27734375
110 2095.00625 19208.28359375
120 2056.94140625 21265.225
130 2026.1875 23291.4125
140 1931.725 25223.1375
150 1604.24296875 26827.38046875
160 1594.5078125 28421.88828125
170 1677.640625 30099.52890625
180 1689.3265625 31788.85546875
190 1901.0203125 33689.87578125
200 1810.58984375 35500.465625
210 1673.65234375 37174.11796875
220 1837.084375 39011.20234375
230 1785.05625 40796.25859375
240 1300.58359375 42096.8421875
250 345.90546875 42442.74765625
260 181.890625 42624.63828125
270 107.684375 42732.32265625
280 65.45546875 42797.778125
290 57.04140625 42854.81953125
300 24.44375 42879.26328125
310 20.2125 42899.47578125
320 13.475 42912.95078125
330 8.421875 42921.37265625
340 10.9484375 42932.32109375
350 1.80546875 42934.1265625
360 3.36875 42937.4953125
370 3.36875 42940.8640625
380 0.8421875 42941.70625
390 0 42941.70625
400 0 42941.70625
410 0.8421875 42942.5484375
420 0.8421875 42943.390625
430 0.8421875 42944.2328125
440 0 42944.2328125
450 0.8421875 42945.075
460 0 42945.075
470 0 42945.075
480 0 42945.075
486 0.2578125 42945.3328125
