0 35.06796875 35.06796875
10 76.353125 111.42109375
20 108.3921875 219.81328125
30 134.796875 354.61015625
40 146.9546875 501.56484375
50 148.41796875 649.9828125
60 184.2953125 834.278125
70 196.4734375 1030.7515625
80 231.9359375 1262.6875
90 224.49453125 1487.18203125
100 218.23515625 1705.4171875
110 231.44375 1936.8609375
120 235.35 2172.2109375
130 249.69375 2421.9046875
140 236.46875 2658.3734375
150 249.228125 2907.6015625
160 226.2046875 3133.80625
170 254.21953125 3388.02578125
180 240.35859375 3628.384375
190 202.759375 3831.14375
200 233.38515625 4064.52890625
210 194.50078125 4259.0296875
220 191.065625 4450.0953125
230 220.959375 4671.0546875
240 178.97421875 4850.02890625
250 134.11953125 4984.1484375
260 99.56953125 5083.71796875
270 59.44375 5143.16171875
280 44.4515625 5187.61328125
290 38.89921875 5226.5125
300 19.9390625 5246.4515625
310 14.6796875 5261.13125
320 9.80625 5270.9375
330 6.125 5277.0625
340 7.96328125 5285.02578125
350 1.83984375 5286.865625
360 2.4484375 5289.3140625
370 2.45 5291.7640625
380 0.61171875 5292.37578125
390 0 5292.37578125
400 0 5292.37578125
410 0.61484375 5292.990625
420 0.61015625 5293.60078125
430 0.61328125 5294.2140625
440 0 5294.2140625
450 0.61015625 5294.82421875
460 0 5294.82421875
470 0 5294.82421875
480 0 5294.82421875
486 0.61328125 5295.4375
