0 128 128
10 266 266
20 353 353
30 417 417
40 471 475
50 517 522
60 587 589
70 719 719
80 817 817
90 868 869
100 963 963
110 1069 1070
120 1136 1137
130 1222 1222
140 1263 1272
150 1295 1300
160 1338 1340
170 1394 1394
180 1328 1397
190 1268 1397
200 1163 1397
210 1045 1397
220 977 1397
230 909 1397
240 675 1397
250 483 1397
260 339 1397
270 245 1397
280 169 1397
290 112 1397
300 80 1397
310 56 1397
320 39 1397
330 30 1397
340 17 1397
350 14 1397
360 10 1397
370 6 1397
380 5 1397
390 5 1397
400 5 1397
410 4 1397
420 3 1397
430 2 1397
440 2 1397
450 1 1397
460 1 1397
470 1 1397
480 1 1397
486 0 1397
