0 13 130
10 15.8 288
20 14.2 430
30 14.6 576
40 15.3 729
50 15.7 886
60 20.6 1092
70 24.8 1340
80 24.5 1585
90 22.5 1810
100 24.8 2058
110 23.8 2296
120 23.4 2530
130 24.1 2771
140 21.8 2989
150 24.8 3237
160 24.6 3483
170 25 3733
180 13.1 3864
190 14.8 4012
200 12.6 4138
210 13.7 4275
220 14.9 4424
230 16.2 4586
240 0.6 4592
250 0 4592
260 0 4592
270 0 4592
280 0 4592
290 0 4592
300 0 4592
310 0 4592
320 0 4592
330 0 4592
340 0 4592
350 0 4592
360 0 4592
370 0 4592
380 0 4592
390 0 4592
400 0 4592
410 0 4592
420 0 4592
430 0 4592
440 0 4592
450 0 4592
460 0 4592
470 0 4592
480 0 4592
486 0 4592
