0 0.9 16.991563585069443 43.72821720082267 140.671142578125 1.14306640625 0 0
10 0.8 1.5633544921875 0.3030196537734899 140.671142578125 1.14306640625 16.991563585069443 9
20 1.1 1.6612437855113635 0.649915353255519 140.671142578125 1.14306640625 9.731229894301471 17
30 0.6 1.5106608072916667 0.2412765626443672 140.671142578125 1.14306640625 6.560878208705357 28
40 1.2 1.4270426432291667 0.24419851676360466 140.671142578125 1.037109375 5.6696633731617645 34
50 1.1 1.5415261008522727 0.24196058039713916 140.671142578125 1.037109375 4.562892747961956 46
60 0.4 7.8734130859375 10.746080014446413 140.671142578125 1.037109375 3.9798219915021926 57
70 0.7 1.7762276785714286 0.7375587261863886 140.671142578125 1.037109375 4.235139440317623 61
80 1.7 1.4635512408088236 0.22436828575585932 140.671142578125 1.037109375 3.982016170726103 68
90 0.9 1.4109157986111112 0.2759069064490955 140.671142578125 1.037109375 3.478323184742647 85
100 0.1 1.60595703125 0.0 140.671142578125 1.037109375 3.280379924368351 94
101 0 0 0 140.671142578125 1.037109375 3.262754420230263 95
