0 0.1 12.69592154931889 0 12.69592154931889 12.69592154931889 0 0
10 0.1 1.9704433497536946 0.0 12.69592154931889 1.9704433497536946 12.69592154931889 1
20 0.1 1.0869565217391304 0.0 12.69592154931889 1.0869565217391304 7.333182449536292 2
30 0.1 0.891089108910891 0.0 12.69592154931889 0.891089108910891 5.251107140270571 3
40 0.1 1.0869565217391304 0.0 12.69592154931889 0.891089108910891 4.1611026324306515 4
50 0.1 1.0848126232741617 0.0 12.69592154931889 0.891089108910891 3.546273410292347 5
60 0.1 0.7936507936507936 0.0 12.69592154931889 0.7936507936507936 3.136029945789316 6
70 0.1 1.183431952662722 0.0 12.69592154931889 0.7936507936507936 2.80140435262667 7
80 0.1 1.0880316518298714 0.0 12.69592154931889 0.7936507936507936 2.5991578026311766 8
90 0.1 0.8919722497522299 0.0 12.69592154931889 0.7936507936507936 2.4312548969865873 9
100 0.1 0.8902077151335311 0.0 12.69592154931889 0.7936507936507936 2.2773266322631516 10
