0 0.1 3058.76953125 0 3058.76953125 3058.76953125 0 0
10 0.1 3058.12890625 0.0 3058.76953125 3058.12890625 3058.76953125 1
20 0.1 3058.1171875 0.0 3058.76953125 3058.1171875 3058.44921875 2
30 0.1 3058.1796875 0.0 3058.76953125 3058.1171875 3058.3385416666665 3
40 0.1 3058.17578125 0.0 3058.76953125 3058.1171875 3058.298828125 4
50 0.1 3058.03125 0.0 3058.76953125 3058.03125 3058.27421875 5
60 0.1 3058.0703125 0.0 3058.76953125 3058.03125 3058.2337239583335 6
70 0.1 3057.15625 0.0 3058.76953125 3057.15625 3058.210379464286 7
80 0.1 3056.9921875 0.0 3058.76953125 3056.9921875 3058.07861328125 8
90 0.1 3056.94140625 0.0 3058.76953125 3056.94140625 3057.9578993055557 9
100 0.1 3056.98046875 0.0 3058.76953125 3056.94140625 3057.85625 10
