0 1.8 348.8462320963542 327.50024695450054 984.45703125 11.451171875 0 0
10 1.5 181.06555989583333 192.75475206227475 984.45703125 11.23388671875 348.8462320963542 18
20 2.3 216.54084578804347 197.45043906515372 984.45703125 11.212890625 272.5822901870265 33
30 1.1 190.0598810369318 201.1359304155309 984.45703125 11.212890625 249.56526838030135 56
40 2.5 499.818818359375 494.76944026761925 1694.252197265625 9.85791015625 239.79572717467352 67
50 2 216.0841796875 206.31171494629842 1694.252197265625 9.85791015625 310.4541758661685 92
60 1 432.456396484375 561.2877417251815 2011.47802734375 9.85791015625 293.6023908342634 112
70 1.4 234.91219656808036 222.56105952942397 2011.47802734375 9.85791015625 304.98386670722334 122
80 3.4 322.7700626148897 296.85057617847417 2011.47802734375 9.85791015625 297.770606545841 136
90 1.7 266.8217198988971 226.88461460458944 2011.47802734375 9.85791015625 302.7704977596507 170
100 0.3 224.03963216145834 149.6842368681883 2011.47802734375 9.85791015625 299.5024270450367 187
101 0 0 0 2011.47802734375 9.85791015625 298.3109092310855 190
