0 2.7 232.54649522569449 247.74359763985458 927.043212890625 11.451171875 0 0
10 2.2 123.43653453480114 143.6106749885896 927.043212890625 11.23388671875 232.54649522569449 27
20 3.5 142.28020368303572 160.99052899595227 927.043212890625 11.212890625 183.558349609375 49
30 1.6 130.64840698242188 176.02400717618082 927.043212890625 11.212890625 166.35912214006697 84
40 3.8 328.80831106085526 304.01132188359884 1044.68212890625 9.85791015625 160.64540771484374 100
50 2.9 149.00733263739224 167.3452510516169 1044.68212890625 9.85791015625 206.95113472316575 138
60 1.6 270.26307678222656 474.84656474247146 1972.443115234375 9.85791015625 196.88903735497755 167
70 2.1 156.58914620535714 171.28422573295484 1972.443115234375 9.85791015625 203.30425391692282 183
80 5.1 215.16409122242646 196.3766417777332 1972.443115234375 9.85791015625 198.49534577014398 204
90 2.5 181.4220703125 190.27530120468157 1972.443115234375 9.85791015625 201.8290948606005 255
100 0.5 134.40078125 144.12050822063242 1972.443115234375 9.85791015625 200.00703909737723 280
101 0 0 0 1972.443115234375 9.85791015625 198.8560521175987 285
