0 0.9 700.1397840711805 260.2350514738868 1053.97509765625 336.14599609375 0 0
10 0.8 381.353515625 108.38968611174897 1053.97509765625 330.966064453125 700.1397840711805 9
20 1.1 426.04145951704544 185.92076601832744 1053.97509765625 330.966064453125 550.1227165670956 17
30 0.6 404.7786865234375 113.56201161594221 1053.97509765625 330.966064453125 501.3765084402902 28
40 1.2 1016.3527425130209 532.6191655659203 1737.14990234375 330.966064453125 484.329833984375 34
50 1.1 610.358642578125 469.68997269108013 2026.317138671875 330.966064453125 623.1184188179348 46
60 0.4 491.15277099609375 125.84713183044002 2026.317138671875 330.966064453125 620.656005859375 57
70 0.7 471.94796316964283 143.92543865405446 2026.317138671875 330.966064453125 612.1639904585041 61
80 1.7 647.6910615808823 285.09648974978035 2026.317138671875 330.966064453125 597.7299876493566 68
90 0.8 567.6558837890625 187.46945359579217 2026.317138671875 330.966064453125 607.7222024356618 85
100 0.2 344.2645263671875 5.9735107421875 2026.317138671875 330.966064453125 604.275637390793 93
101 0 0 0 2026.317138671875 330.966064453125 598.8017192639803 95
