0 0.9 16.087999131944443 41.566461064292234 133.655029296875 1.22705078125 0 0
10 1.1 1.2835360440340908 0.1279569734773868 133.655029296875 1.11083984375 16.087999131944443 9
20 1.6 1.4089813232421875 0.3784605651384743 133.655029296875 0.9208984375 7.94554443359375 20
30 1.2 2.5467936197916665 3.393675169540314 133.655029296875 0.9208984375 5.0404052734375 36
40 1 1.247998046875 0.10417974517099783 133.655029296875 0.9208984375 4.417002360026042 48
50 1 1.510400390625 0.43424517111544825 133.655029296875 0.9208984375 3.8706223060344827 58
60 1.2 2.33331298828125 2.5847141144187504 133.655029296875 0.9208984375 3.5235308478860294 68
70 0.9 1.526611328125 0.30763436728647586 133.655029296875 0.9208984375 3.3449981689453123 80
80 0.8 1.40966796875 0.3516515619000543 133.655029296875 0.9208984375 3.161116353581461 89
87 0.3 1.27734375 0.13098821418102277 133.655029296875 0.9208984375 3.0166670022551547 97
