0 0.1 9.221114351590295 0 9.221114351590295 9.221114351590295 0 0
10 0.1 1.9723865877712032 0.0 9.221114351590295 1.9723865877712032 9.221114351590295 1
20 0.1 1.089108910891089 0.0 9.221114351590295 1.089108910891089 5.596750469680749 2
30 0.1 1.089108910891089 0.0 9.221114351590295 1.089108910891089 4.094203283417529 3
40 0.1 0.8919722497522299 0.0 9.221114351590295 0.8919722497522299 3.342929690285919 4
50 0.1 0.9891196834817012 0.0 9.221114351590295 0.8919722497522299 2.8527382021791814 5
60 0.1 1.085883514313919 0.0 9.221114351590295 0.8919722497522299 2.5421351157296015 6
70 0.1 0.7936507936507936 0.0 9.221114351590295 0.7936507936507936 2.3340991726702183 7
80 0.1 1.0869565217391304 0.0 9.221114351590295 0.7936507936507936 2.1415431252927903 8
87 0.1 0.9891196834817012 0.0 9.221114351590295 0.7936507936507936 2.02436683600905 9
