0 0.1 3059.5859375 0 3059.5859375 3059.5859375 0 0
10 0.1 3058.828125 0.0 3059.5859375 3058.828125 3059.5859375 1
20 0.1 3057.953125 0.0 3059.5859375 3057.953125 3059.20703125 2
30 0.1 3057.70703125 0.0 3059.5859375 3057.70703125 3058.7890625 3
40 0.1 3057.7421875 0.0 3059.5859375 3057.70703125 3058.5185546875 4
50 0.1 3057.59765625 0.0 3059.5859375 3057.59765625 3058.36328125 5
60 0.1 3057.62890625 0.0 3059.5859375 3057.59765625 3058.2356770833335 6
70 0.1 3057.484375 0.0 3059.5859375 3057.484375 3058.148995535714 7
80 0.1 3057.51953125 0.0 3059.5859375 3057.484375 3058.06591796875 8
87 0.1 3057.51171875 0.0 3059.5859375 3057.484375 3058.0052083333335 9
