0 1.7 207.42151596966912 173.37648149531694 631.450927734375 11.7041015625 0 0
10 2.3 285.64266304347825 257.97715837262757 1036.387939453125 9.5380859375 207.42151596966912 17
20 3.2 434.9270324707031 464.6083726882296 1704.5830078125 9.5380859375 252.39867553710937 40
30 2.4 303.7447204589844 299.70231554130794 1704.5830078125 9.5380859375 333.5223897298177 72
40 2 301.7697509765625 263.5757865085274 1704.5830078125 9.5380859375 326.0779724121094 96
50 2 259.76427001953124 273.74571285675535 1704.5830078125 9.5380859375 321.8868997508082 116
60 2.4 326.20488484700513 345.86413418520857 1704.5830078125 9.5380859375 312.75121890797334 136
70 1.7 243.8821231617647 282.4868863105077 1704.5830078125 9.5380859375 314.76926879882814 160
80 1.7 261.52946920955884 226.8213684949733 1704.5830078125 9.5380859375 307.96089887888417 177
87 0.6 257.4031982421875 282.69744711028665 1704.5830078125 9.5380859375 303.8921653511598 194
