0 2.5 141.027529296875 137.968896378372 328.046142578125 10.824951171875 0 0
10 3.5 187.68832310267857 191.18144157223844 619.863037109375 9.5380859375 141.027529296875 25
20 4.8 289.9286193847656 294.4039152731439 971.89306640625 9.5380859375 168.24632568359374 60
30 3.6 202.47949896918402 182.90330703918772 971.89306640625 9.5380859375 222.3273451063368 108
40 3 201.16202799479166 210.66367959887128 971.89306640625 9.5380859375 217.36538357204861 144
50 3 173.15504557291663 200.30508990682551 971.89306640625 9.5380859375 214.57170157596983 174
60 3.6 217.44727240668402 210.9966743295482 971.89306640625 9.5380859375 208.48101686963847 204
70 2.5 165.820927734375 212.32137359413642 971.89306640625 9.5380859375 209.82595520019532 240
80 2.6 170.98406512920673 148.08923908197696 971.89306640625 9.5380859375 205.67453751474056 265
87 0.9 171.58322482638889 173.51441307583355 971.89306640625 9.5380859375 202.57504513665162 291
