0 0.9 431.4419216579861 105.30677805903474 645.710205078125 336.844970703125 0 0
10 1.1 568.9863947088069 234.71371607668584 1058.592041015625 336.844970703125 431.4419216579861 9
20 1.6 871.9947204589844 475.74110283083036 1718.365966796875 328.43798828125 507.0913818359375 20
30 1.2 609.6455688476563 232.42508675405352 1718.365966796875 328.43798828125 669.2706434461805 36
40 1 605.6903076171875 214.54771091170403 1718.365966796875 328.43798828125 654.3643747965494 48
50 1 521.68515625 210.2968932394956 1718.365966796875 328.43798828125 645.9722942483836 58
60 1.2 654.5692749023438 426.383527034632 1718.365966796875 328.43798828125 627.6947739545037 68
70 0.9 499.9944118923611 235.140096491238 1718.365966796875 328.43798828125 631.7259490966796 80
80 0.8 516.0516967773438 159.42139660532288 1718.365966796875 328.43798828125 618.4047824130969 89
87 0.3 516.9810384114584 216.88096879284512 1718.365966796875 328.43798828125 609.9632908142719 97
