0 13.4 2.729616079757463 14.391499675079766 167.529052734375 0.68896484375 0 0
10 15.4 1.3518367618709415 0.47021337145629294 167.529052734375 0.664794921875 2.729616079757463 134
20 14.9 1.4474343933515108 1.161430030771053 167.529052734375 0.664794921875 1.9928868611653645 288
30 15 1.2101171874999996 0.28717500351597275 167.529052734375 0.664794921875 1.8069087886155608 437
40 14.7 1.261766913796769 0.6987336004165883 167.529052734375 0.66015625 1.6544066758943783 587
50 14.2 1.2196715448943658 0.2759869855367111 167.529052734375 0.66015625 1.5757717371636581 734
60 22.2 1.495846310177365 2.032372613396984 167.529052734375 0.66015625 1.5180477333939784 876
70 27.1 1.2778086081642068 0.6083312495867713 167.529052734375 0.66015625 1.5135589210496356 1098
80 24.1 1.2195928423236528 0.6684705016418833 167.529052734375 0.66015625 1.4668910358838567 1369
90 23.5 1.1140739278590424 0.2825534465405927 167.529052734375 0.64501953125 1.429873107531056 1610
100 26.3 1.098042419201521 0.2813799629909076 167.529052734375 0.64208984375 1.3896493637787941 1845
110 24.7 1.1656489198507078 0.770891910644529 167.529052734375 0.6240234375 1.3532676624392197 2108
120 25.1 1.3029658708914338 1.7124718822935923 167.529052734375 0.6240234375 1.3335896032377919 2355
130 24.8 1.1851609753024193 0.5764522819947309 167.529052734375 0.6240234375 1.3306400419104951 2606
140 27.5 1.3125168678977268 1.6870279973482534 167.529052734375 0.6240234375 1.3179985532914333 2854
150 25.5 1.1779967064950987 0.2865922775523174 167.529052734375 0.6240234375 1.3175167816444953 3129
160 26 1.1752694936899037 0.31358429765594054 167.529052734375 0.6240234375 1.307003300804337 3384
170 29 1.4360780913254307 1.2900726032818233 167.529052734375 0.6240234375 1.297604071976194 3644
180 16.9 1.916482236963757 5.5923832464403285 167.529052734375 0.6240234375 1.3078118669968546 3934
190 16.3 1.2977317388803675 0.3624557873351554 167.529052734375 0.6240234375 1.3328826182823545 4103
200 20.6 1.2598711032311898 0.3795128006236182 167.529052734375 0.6240234375 1.3315395349859356 4266
210 17.8 1.3987611920646075 0.98617094153328 167.529052734375 0.6240234375 1.328238171626929 4472
220 18.3 1.360050055498634 0.6028795030716524 167.529052734375 0.6240234375 1.3309377625168013 4650
230 16.6 1.5491399190512047 2.7762314248879307 167.529052734375 0.6240234375 1.3320400901840215 4833
240 3.4 2.4755931181066178 4.587865876251612 167.529052734375 0.6240234375 1.3392492463336418 4999
250 2.9 1.4245268723060345 0.3519302708453056 167.529052734375 0.6240234375 1.346925719935923 5033
260 2.8 1.3127005440848216 0.2529309672283525 167.529052734375 0.6240234375 1.3473702939024843 5062
270 2.8 1.2421700613839286 0.2949313298738732 167.529052734375 0.6240234375 1.3471795762217584 5090
280 3.4 1.2331399356617645 0.2828507337811711 167.529052734375 0.6240234375 1.346605081025303 5118
290 3.2 1.2507629394531248 0.2934103673181248 167.529052734375 0.6240234375 1.3458562815411492 5152
300 2.4 2.42877197265625 5.268435754455916 167.529052734375 0.6240234375 1.3452692856023343 5184
310 2.2 1.6124600497159092 1.6768625833022606 167.529052734375 0.6240234375 1.350262385542675 5208
320 1.9 1.298108552631579 0.2778129197596135 167.529052734375 0.6240234375 1.3513653202676865 5230
330 1.7 1.3514045266544117 0.2950005651534248 167.529052734375 0.6240234375 1.3511725447704326 5249
340 0.8 1.263427734375 0.23923099912531667 167.529052734375 0.6240234375 1.3511732936675134 5266
350 0.5 1.310595703125 0.2868247935257538 167.529052734375 0.6240234375 1.3510401946014647 5274
360 0.3 20.609944661458332 26.859481055574467 167.529052734375 0.6240234375 1.3510018876385206 5279
370 0.1 1.133056640625 0.0 167.529052734375 0.6240234375 1.3619403254123674 5282
