0 0.1 2.2282812455906718 0 2.2282812455906718 2.2282812455906718 0 0
10 0.1 6.090373280943026 0.0 6.090373280943026 2.2282812455906718 2.2282812455906718 1
20 0.1 6.581532416502947 0.0 6.581532416502947 2.2282812455906718 4.1593272632668485 2
30 0.1 16.918714555765597 0.0 16.918714555765597 2.2282812455906718 4.966728981012214 3
40 0.1 7.142857142857142 0.0 16.918714555765597 2.2282812455906718 7.95472537470056 4
50 0.1 6.8762278978389 0.0 16.918714555765597 2.2282812455906718 7.7923517283318775 5
60 0.1 6.981317600786626 0.0 16.918714555765597 2.2282812455906718 7.639664423249715 6
70 0.1 9.04621435594887 0.0 16.918714555765597 2.2282812455906718 7.545614877183559 7
80 0.1 9.861932938856016 0.0 16.918714555765597 2.2282812455906718 7.733189812029223 8
90 0.1 9.782608695652174 0.0 16.918714555765597 2.2282812455906718 7.96971682612109 9
100 0.1 9.79431929480901 0.0 16.918714555765597 2.2282812455906718 8.151006013074198 10
110 0.1 10.107948969578018 0.0 16.918714555765597 2.2282812455906718 8.300398129595544 11
120 0.1 9.547244094488189 0.0 16.918714555765597 2.2282812455906718 8.451027366260751 12
130 0.1 9.458128078817735 0.0 16.918714555765597 2.2282812455906718 8.535351729970554 13
140 0.1 8.829365079365079 0.0 16.918714555765597 2.2282812455906718 8.601264326316782 14
150 0.1 10.246305418719212 0.0 16.918714555765597 2.2282812455906718 8.61647104318667 15
160 0.1 9.763313609467456 0.0 16.918714555765597 2.2282812455906718 8.718335691657453 16
170 0.1 11.089494163424124 0.0 16.918714555765597 2.2282812455906718 8.779804980940394 17
180 0.1 10.059171597633137 0.0 16.918714555765597 2.2282812455906718 8.908121046633934 18
190 0.1 8.11078140454995 0.0 16.918714555765597 2.2282812455906718 8.96870265458126 19
200 0.1 8.49802371541502 0.0 16.918714555765597 2.2282812455906718 8.925806592079695 20
210 0.1 9.368836291913215 0.0 16.918714555765597 2.2282812455906718 8.905435978905187 21
220 0.1 8.96551724137931 0.0 16.918714555765597 2.2282812455906718 8.926499629496462 22
230 0.1 8.884501480750247 0.0 16.918714555765597 2.2282812455906718 8.92819604740441 23
240 0.1 7.107601184600197 0.0 16.918714555765597 2.2282812455906718 8.926375440460488 24
250 0.1 4.23228346456693 0.0 16.918714555765597 2.2282812455906718 8.853624470226075 25
260 0.1 2.8712871287128716 0.0 16.918714555765597 2.2282812455906718 8.675880585393031 26
270 0.1 1.8849206349206349 0.0 16.918714555765597 1.8849206349206349 8.460895642553025 27
280 0.1 1.9743336623889436 0.0 16.918714555765597 1.8849206349206349 8.22603939228044 28
290 0.1 1.5810276679841897 0.0 16.918714555765597 1.5810276679841897 8.010463332629008 29
300 0.1 1.4822134387351777 0.0 16.918714555765597 1.4822134387351777 7.796148810474181 30
310 0.1 1.2833168805528135 0.0 16.918714555765597 1.2833168805528135 7.592473475901955 31
320 0.1 1.183431952662722 0.0 16.918714555765597 1.183431952662722 7.395312332297294 32
330 0.1 0.9910802775024776 0.0 16.918714555765597 0.9910802775024776 7.207073532914428 33
340 0.1 1.085883514313919 0.0 16.918714555765597 0.9910802775024776 7.0242502018729 34
350 0.1 1.083743842364532 0.0 16.918714555765597 0.9910802775024776 6.854582582228358 35
360 0.1 0.9861932938856016 0.0 16.918714555765597 0.9861932938856016 6.694281506121029 36
370 0.1 1.083743842364532 0.0 16.918714555765597 0.9861932938856016 6.540008851736288 37
