0 0.1 3057.62890625 0 3057.62890625 3057.62890625 0 0
10 0.1 3047.33984375 0.0 3057.62890625 3047.33984375 3057.62890625 1
20 0.1 3041.265625 0.0 3057.62890625 3041.265625 3052.484375 2
30 0.1 3038.41796875 0.0 3057.62890625 3038.41796875 3048.7447916666665 3
40 0.1 3036.78515625 0.0 3057.62890625 3036.78515625 3046.1630859375 4
50 0.1 3036.1484375 0.0 3057.62890625 3036.1484375 3044.2875 5
60 0.1 3033.9375 0.0 3057.62890625 3033.9375 3042.9309895833335 6
70 0.1 3030.109375 0.0 3057.62890625 3030.109375 3041.6462053571427 7
80 0.1 3023.078125 0.0 3057.62890625 3023.078125 3040.2041015625 8
90 0.1 3020.23046875 0.0 3057.62890625 3020.23046875 3038.301215277778 9
100 0.1 3018.21875 0.0 3057.62890625 3018.21875 3036.494140625 10
110 0.1 3015.06640625 0.0 3057.62890625 3015.06640625 3034.8327414772725 11
120 0.1 3011.234375 0.0 3057.62890625 3011.234375 3033.185546875 12
130 0.1 3008.55859375 0.0 3057.62890625 3008.55859375 3031.4969951923076 13
140 0.1 3005.88671875 0.0 3057.62890625 3005.88671875 3029.8585379464284 14
150 0.1 2998.59765625 0.0 3057.62890625 2998.59765625 3028.2604166666665 15
160 0.1 2990.41015625 0.0 3057.62890625 2990.41015625 3026.406494140625 16
170 0.1 2987.46484375 0.0 3057.62890625 2987.46484375 3024.2890625 17
180 0.1 2982.9375 0.0 3057.62890625 2982.9375 3022.2432725694443 18
190 0.1 2980.5078125 0.0 3057.62890625 2980.5078125 3020.1745476973683 19
200 0.1 2980.13671875 0.0 3057.62890625 2980.13671875 3018.1912109375 20
210 0.1 2988.625 0.0 3057.62890625 2980.13671875 3016.3790922619046 21
220 0.1 2988.6171875 0.0 3057.62890625 2980.13671875 3015.1175426136365 22
230 0.1 2988.640625 0.0 3057.62890625 2980.13671875 3013.9653532608695 23
240 0.1 2988.6640625 0.0 3057.62890625 2980.13671875 3012.91015625 24
250 0.1 2988.6953125 0.0 3057.62890625 2980.13671875 3011.9403125 25
260 0.1 2988.86328125 0.0 3057.62890625 2980.13671875 3011.0462740384614 26
270 0.1 2989.11328125 0.0 3057.62890625 2980.13671875 3010.224681712963 27
280 0.1 2989.84765625 0.0 3057.62890625 2980.13671875 3009.470703125 28
290 0.1 3002.0234375 0.0 3057.62890625 2980.13671875 3008.794046336207 29
300 0.1 3002.7265625 0.0 3057.62890625 2980.13671875 3008.568359375 30
310 0.1 3003.140625 0.0 3057.62890625 2980.13671875 3008.379914314516 31
320 0.1 3003.23046875 0.0 3057.62890625 2980.13671875 3008.2161865234375 32
330 0.1 3003.26171875 0.0 3057.62890625 2980.13671875 3008.0651041666665 33
340 0.1 3003.39453125 0.0 3057.62890625 2980.13671875 3007.923828125 34
350 0.1 3003.84375 0.0 3057.62890625 2980.13671875 3007.794419642857 35
360 0.1 3003.98828125 0.0 3057.62890625 2980.13671875 3007.6846788194443 36
370 0.1 3004.12109375 0.0 3057.62890625 2980.13671875 3007.5847761824325 37
