0 0.1 0.0 0 0.0 0.0 0 0
10 0.1 0.0 0.0 0.0 0.0 0.0 1
20 0.1 0.0 0.0 0.0 0.0 0.0 2
30 0.1 0.0 0.0 0.0 0.0 0.0 3
40 0.1 0.0 0.0 0.0 0.0 0.0 4
50 0.1 0.0 0.0 0.0 0.0 0.0 5
60 0.1 0.0703125 0.0 0.0703125 0.0 0.0 6
70 0.1 0.05859375 0.0 0.0703125 0.0 0.010044642857142858 7
80 0.1 0.05078125 0.0 0.0703125 0.0 0.01611328125 8
90 0.1 0.12109375 0.0 0.12109375 0.0 0.019965277777777776 9
100 0.1 0.1015625 0.0 0.12109375 0.0 0.030078125 10
110 0.1 0.078125 0.0 0.12109375 0.0 0.036576704545454544 11
120 0.1 0.0703125 0.0 0.12109375 0.0 0.0400390625 12
130 0.1 0.05859375 0.0 0.12109375 0.0 0.042367788461538464 13
140 0.1 0.05078125 0.0 0.12109375 0.0 0.04352678571428571 14
150 0.1 0.0390625 0.0 0.12109375 0.0 0.04401041666666667 15
160 0.1 0.109375 0.0 0.12109375 0.0 0.043701171875 16
170 0.1 0.08984375 0.0 0.12109375 0.0 0.047564338235294115 17
180 0.1 0.1484375 0.0 0.1484375 0.0 0.04991319444444445 18
190 0.1 0.12890625 0.0 0.1484375 0.0 0.055098684210526314 19
200 0.1 0.109375 0.0 0.1484375 0.0 0.0587890625 20
210 0.1 0.171875 0.0 0.171875 0.0 0.061197916666666664 21
220 0.1 0.140625 0.0 0.171875 0.0 0.06622869318181818 22
230 0.1 0.12109375 0.0 0.171875 0.0 0.06946331521739131 23
240 0.1 0.1015625 0.0 0.171875 0.0 0.07161458333333334 24
250 0.1 0.078125 0.0 0.171875 0.0 0.0728125 25
260 0.1 0.0703125 0.0 0.171875 0.0 0.07301682692307693 26
270 0.1 0.05859375 0.0 0.171875 0.0 0.07291666666666667 27
280 0.1 0.05078125 0.0 0.171875 0.0 0.07240513392857142 28
290 0.1 0.0390625 0.0 0.171875 0.0 0.07165948275862069 29
300 0.1 0.03125 0.0 0.171875 0.0 0.07057291666666667 30
310 0.1 0.03125 0.0 0.171875 0.0 0.06930443548387097 31
320 0.1 0.01953125 0.0 0.171875 0.0 0.068115234375 32
330 0.1 0.01953125 0.0 0.171875 0.0 0.06664299242424243 33
340 0.1 0.01953125 0.0 0.171875 0.0 0.06525735294117647 34
350 0.1 0.01171875 0.0 0.171875 0.0 0.06395089285714285 35
360 0.1 0.01171875 0.0 0.171875 0.0 0.0625 36
370 0.1 0.01171875 0.0 0.171875 0.0 0.061127533783783786 37
