0 18.5 24.251210145692568 23.76986329160205 227.027099609375 9.282958984375 0 0
10 29.6 21.386432544605153 13.535298671073633 227.027099609375 9.19384765625 24.251210145692568 185
20 32.7 25.19803239081613 19.31871269157358 227.027099609375 9.095947265625 22.488270083484927 481
30 37.3 29.23065660082942 22.34362241363591 227.027099609375 9.095947265625 23.5849189380608 808
40 38.5 29.593449421672076 21.39555048895276 227.027099609375 9.095947265625 25.368035066945385 1181
50 40.8 35.358211143344036 31.923332460122914 227.027099609375 9.095947265625 26.406850218011655 1566
60 51 67.61616354549633 59.02297404543004 298.93310546875 9.095947265625 28.2569795278068 1974
70 60.1 166.32041689956841 86.62596566022597 382.907958984375 9.095947265625 36.33797141549668 2484
80 61.5 272.4831225387451 204.4920168867395 746.6630859375 9.095947265625 61.66032141093497 3085
90 62.9 559.778465477196 73.92418682295761 758.656982421875 9.095947265625 96.70248970650341 3700
100 59 1086.2989766783633 382.88517951991935 1958.330078125 9.095947265625 163.9870331945528 4329
110 59.8 2357.9640219187636 236.0714571888275 2861.240966796875 9.095947265625 274.6119664442882 4919
120 57.2 2938.8016438517557 222.50866854551515 3686.72900390625 9.095947265625 500.4311669470499 5517
130 58.8 4204.1288373259495 344.315285288613 4874.128173828125 9.095947265625 729.49142524718 6089
140 58.5 4899.572122061967 178.9538447468495 5438.157958984375 9.095947265625 1035.4801624498632 6677
150 59.1 5853.825222990035 248.64360698408197 6381.742919921875 9.095947265625 1346.7571930713286 7262
160 61.6 6492.561421976457 158.03327441716527 6791.78076171875 9.095947265625 1685.9495024667133 7853
170 62.7 6987.166531552154 2051.181378159923 8307.6669921875 0.7119140625 2035.5625550606444 8469
180 61.3 8288.083199779514 833.1671226285879 8668.82080078125 0.7119140625 2376.8835415668204 9096
190 62.3 7691.339825723567 430.4414188805786 8668.82080078125 0.7119140625 2750.100699923436 9709
200 61.1 6021.066042636303 465.4996608474644 8668.82080078125 0.7119140625 3048.048045584826 10332
210 62.6 5069.692131261858 240.4941823099974 8668.82080078125 0.7119140625 3214.045852054574 10943
220 63.9 3984.0567758766147 520.5359428532278 8668.82080078125 0.7119140625 3314.4550983838817 11569
230 62.4 2446.0989947196767 647.497449580667 8668.82080078125 0.7119140625 3349.5038755724345 12208
240 38.5 286.8448533887983 362.8535601982844 8668.82080078125 0.7119140625 3305.5727155309664 12832
250 23.7 113.97727843980749 288.98760670526605 8668.82080078125 0.7119140625 3217.6397332411325 13217
260 14.7 14.514397653592686 5.619317029428077 8668.82080078125 0.7119140625 3162.966922048334 13454
270 10.1 14.973316154857674 3.996018434842236 8668.82080078125 0.7119140625 3128.9383564218338 13601
280 8.9 16.334415050035112 7.7497074441680756 8668.82080078125 0.7119140625 3105.984738769888 13702
290 4.4 16.63953191583807 6.554722529997473 8668.82080078125 0.7119140625 3086.04572935715 13791
300 3 18.181306966145833 6.144540196217095 8668.82080078125 0.7119140625 3076.283974916426 13835
310 2.3 22.695238196331523 21.04416506048004 8668.82080078125 0.7119140625 3069.667092115235 13865
320 2 17.797521972656252 3.240029701427725 8668.82080078125 0.7119140625 3064.6209837742117 13888
330 1.7 17.514059627757355 2.9041270441715406 8668.82080078125 0.7119140625 3060.2395867914656 13908
340 0.9 17.295166015625 3.714045051316532 8668.82080078125 0.7119140625 3056.524948804982 13925
350 0.5 42.51083984375 50.65377036857963 8668.82080078125 0.7119140625 3054.561903875665 13934
360 0.3 35.488037109375 26.71003294732787 8668.82080078125 0.7119140625 3053.481463720693 13939
370 0.1 16.767822265625 0.0 8668.82080078125 0.7119140625 3052.832060458619 13942
