10 0.1 1418 0 1418 1418 0 0
20 0.1 1815.0 0.0 1815 1418 1418.0 1
30 0.1 1955.0 0.0 1955 1418 1616.5 2
40 0.1 1957.0 0.0 1957 1418 1729.3333333333333 3
50 0.1 2058.0 0.0 2058 1418 1786.25 4
60 0.1 2082.0 0.0 2082 1418 1840.6 5
70 0.1 2922.0 0.0 2922 1418 1880.8333333333333 6
80 0.1 3492.0 0.0 3492 1418 2029.5714285714287 7
90 0.1 3529.0 0.0 3529 1418 2212.375 8
100 0.1 3413.0 0.0 3529 1418 2358.6666666666665 9
110 0.1 3335.0 0.0 3529 1418 2464.1 10
120 0.1 3322.0 0.0 3529 1418 2543.2727272727275 11
130 0.1 3317.0 0.0 3529 1418 2608.166666666667 12
140 0.1 3286.0 0.0 3529 1418 2662.6923076923076 13
150 0.1 3557.0 0.0 3557 1418 2707.214285714286 14
160 0.1 3420.0 0.0 3557 1418 2763.866666666667 15
170 0.1 3407.0 0.0 3557 1418 2804.875 16
180 0.1 3477.0 0.0 3557 1418 2840.294117647059 17
190 0.1 3016.0 0.0 3557 1418 2875.6666666666665 18
200 0.1 3176.0 0.0 3557 1418 2883.0526315789475 19
210 0.1 3277.0 0.0 3557 1418 2897.7 20
220 0.1 3131.0 0.0 3557 1418 2915.7619047619046 21
230 0.1 3118.0 0.0 3557 1418 2925.5454545454545 22
240 0.1 2719.0 0.0 3557 1418 2933.913043478261 23
250 0.1 1126.0 0.0 3557 1126 2924.9583333333335 24
260 0.1 729.0 0.0 3557 729 2853.0 25
270 0.1 483.0 0.0 3557 483 2771.3076923076924 26
280 0.1 431.0 0.0 3557 431 2686.5555555555557 27
290 0.1 303.0 0.0 3557 303 2606.0 28
300 0.1 225.0 0.0 3557 225 2526.5862068965516 29
310 0.1 172.0 0.0 3557 172 2449.866666666667 30
320 0.1 113.0 0.0 3557 113 2376.3870967741937 31
330 0.1 75.0 0.0 3557 75 2305.65625 32
340 0.1 80.0 0.0 3557 75 2238.060606060606 33
350 0.1 32.0 0.0 3557 32 2174.5882352941176 34
360 0.1 12.0 0.0 3557 12 2113.3714285714286 35
370 0.1 15.0 0.0 3557 12 2055.0 36
