10 0.1 1349 0 1349 1349 0 0
20 0.1 1824.0 0.0 1824 1349 1349.0 1
30 0.1 1905.0 0.0 1905 1349 1586.5 2
40 0.1 2131.0 0.0 2131 1349 1692.6666666666667 3
50 0.1 2202.0 0.0 2202 1349 1802.25 4
60 0.1 2206.0 0.0 2206 1349 1882.2 5
70 0.1 2891.0 0.0 2891 1349 1936.1666666666667 6
80 0.1 3388.0 0.0 3388 1349 2072.5714285714284 7
90 0.1 3496.0 0.0 3496 1349 2237.0 8
100 0.1 3405.0 0.0 3496 1349 2376.8888888888887 9
110 0.1 3511.0 0.0 3511 1349 2479.7 10
120 0.1 3365.0 0.0 3511 1349 2573.4545454545455 11
130 0.1 3372.0 0.0 3511 1349 2639.4166666666665 12
140 0.1 3280.0 0.0 3511 1349 2695.769230769231 13
150 0.1 3555.0 0.0 3555 1349 2737.5 14
160 0.1 3424.0 0.0 3555 1349 2792.0 15
170 0.1 3462.0 0.0 3555 1349 2831.5 16
180 0.1 3420.0 0.0 3555 1349 2868.5882352941176 17
190 0.1 2898.0 0.0 3555 1349 2899.222222222222 18
200 0.1 3093.0 0.0 3555 1349 2899.157894736842 19
210 0.1 3264.0 0.0 3555 1349 2908.85 20
220 0.1 3039.0 0.0 3555 1349 2925.7619047619046 21
230 0.1 3104.0 0.0 3555 1349 2930.909090909091 22
240 0.1 2603.0 0.0 3555 1349 2938.4347826086955 23
250 0.1 1246.0 0.0 3555 1246 2924.4583333333335 24
260 0.1 895.0 0.0 3555 895 2857.32 25
270 0.1 620.0 0.0 3555 620 2781.846153846154 26
280 0.1 525.0 0.0 3555 525 2701.777777777778 27
290 0.1 382.0 0.0 3555 382 2624.035714285714 28
300 0.1 269.0 0.0 3555 269 2546.7241379310344 29
310 0.1 216.0 0.0 3555 216 2470.8 30
320 0.1 154.0 0.0 3555 154 2398.064516129032 31
330 0.1 103.0 0.0 3555 103 2327.9375 32
340 0.1 112.0 0.0 3555 103 2260.5151515151515 33
350 0.1 46.0 0.0 3555 46 2197.323529411765 34
360 0.1 15.0 0.0 3555 15 2135.8571428571427 35
370 0.1 21.0 0.0 3555 15 2076.9444444444443 36
