0 0.5 4733.9884765625 1399.319424707708 6953.35009765625 2537.422119140625 0 0
10 2.2 8122.8806041370735 3470.7119260655345 15103.136962890625 1589.764892578125 4733.9884765625 5
20 5.2 14818.296954815205 6053.071509270473 26071.407958984375 1589.764892578125 7495.30798791956 27
30 8.6 17385.581432253806 9116.178244823144 38709.468994140625 635.596923828125 12315.503257268592 79
40 9.7 23673.699243919127 11508.208496145504 48314.98193359375 635.596923828125 14958.089457563914 165
50 11.2 24480.06796700614 12809.079164646791 49026.126953125 635.596923828125 18184.861019687793 262
60 11.6 29201.90153556034 17071.96416251079 65644.8681640625 635.596923828125 20070.056683055853 374
70 14 29476.62606026786 18547.143069878228 73019.43212890625 635.596923828125 22231.881178750795 490
80 15.6 32303.415350498297 21440.709267319482 83585.26611328125 635.596923828125 23841.824485754587 630
90 18.2 30790.64256336925 20464.8328289263 88404.91284179688 635.596923828125 25521.224199367844 786
100 18 34627.33648410373 20627.707501851277 99722.06787109375 635.596923828125 26511.961949624307 968
110 16.4 35475.41093482039 20489.94603578185 108062.7421875 635.596923828125 27784.407434124565 1148
120 18.2 42016.85366318252 24854.178069165086 123456.47998046875 635.596923828125 28745.782871711544 1312
130 17.5 44932.51505859374 23154.177725544854 131104.958984375 635.596923828125 30362.47288780774 1494
140 17 51208.78664263556 26422.26102794899 142300.18310546875 635.596923828125 31890.188513863795 1669
150 17.3 47814.76817365879 24277.13988323153 146336.69018554688 635.596923828125 33676.02955893786 1839
160 19.3 52835.8222049061 24991.598667518072 146336.69018554688 635.596923828125 34891.73620920959 2012
170 18.3 54308.28578060962 25279.821633362983 163208.72412109375 635.596923828125 36462.35235305059 2205
180 19 59458.05118472451 27058.516125952894 166035.99487304688 635.596923828125 37829.94272878062 2388
190 22.8 55552.802563048244 21615.90188596505 166035.99487304688 635.596923828125 39423.94606727144 2578
200 24.5 55848.87664819834 24773.783565658712 167941.26098632813 635.596923828125 40734.48750741297 2806
210 22.7 59282.38324055273 27412.23458059021 181611.8759765625 635.596923828125 41948.19623881002 3051
220 26.4 55890.33228093928 29477.99723553987 181611.8759765625 635.596923828125 43148.58075662442 3278
230 23.5 54058.24345183676 32699.661277549807 222559.02905273438 635.596923828125 44098.27652241186 3542
240 22.4 50361.860057285856 31708.36038900406 222559.02905273438 635.596923828125 44717.97263795723 3777
250 18.4 55031.09058811353 30947.015795196457 222559.02905273438 635.596923828125 45033.95133876443 4001
260 13.1 63539.671720315484 30702.98440076525 222559.02905273438 635.596923828125 45473.49103335947 4185
270 9.5 74219.43671875 35154.60507742547 222559.02905273438 635.596923828125 46021.838964312024 4316
280 8.8 83906.87331598456 35350.67810964454 222559.02905273438 635.596923828125 46629.132500170475 4411
290 3.8 92359.07778448808 27876.612487122642 222559.02905273438 635.596923828125 47358.28146478297 4499
300 2.8 97634.54400634766 23791.69744787758 222559.02905273438 635.596923828125 47735.18917034806 4537
310 2.4 107381.6099243164 25767.696122395126 222559.02905273438 635.596923828125 48041.25312114937 4565
320 2 123116.62177734375 25316.522877676576 222559.02905273438 635.596923828125 48351.59710966016 4589
330 1.6 140623.4114227295 35829.43381891768 241681.84594726563 635.596923828125 48676.02767884082 4609
340 0.9 124588.47930230034 23122.23343144036 241681.84594726563 635.596923828125 48994.11592530616 4625
350 0.5 161015.43115234375 15537.571028852071 241681.84594726563 635.596923828125 49140.93277260719 4634
360 0.3 149300.57999674478 20682.595042847413 241681.84594726563 635.596923828125 49261.5131761206 4639
370 0.1 133077.88696289063 0.0 241681.84594726563 635.596923828125 49326.165739770295 4642
