0 41.75625 41.75625
10 85.17421875 126.93046875
20 106.50078125 233.43125
30 130.359375 363.790625
40 137.4484375 501.2390625
50 154.121875 655.3609375
60 176.5078125 831.86875
70 209.02109375 1040.88984375
80 234.83515625 1275.725
90 236.44140625 1512.16640625
100 257.58046875 1769.746875
110 234.64375 2004.390625
120 242.2671875 2246.6578125
130 231.13671875 2477.79453125
140 246.8515625 2724.64609375
150 231.75234375 2956.3984375
160 263.6609375 3220.059375
170 247.9828125 3468.0421875
180 228.0390625 3696.08125
190 226.959375 3923.040625
200 229.8265625 4152.8671875
210 228.384375 4381.2515625
220 238.93203125 4620.18359375
230 206.18046875 4826.3640625
240 172.403125 4998.7671875
250 135.63984375 5134.40703125
260 87.45078125 5221.8578125
270 62.7828125 5284.640625
280 51.48828125 5336.12890625
290 26.76328125 5362.8921875
300 18.390625 5381.2828125
310 14.1109375 5395.39375
320 12.24375 5407.6375
330 10.415625 5418.053125
340 5.5140625 5423.5671875
350 3.0640625 5426.63125
360 1.840625 5428.471875
370 0.6125 5429.084375
