0 645.53984375 645.53984375
10 1024.46875 1670.00859375
20 1048.0984375 2718.10703125
30 1126.66875 3844.77578125
40 1141.76484375 4986.540625
50 1168.884375 6155.425
60 1561.7796875 7717.2046875
70 1882.9171875 9600.121875
80 1850.1984375 11450.3203125
90 1846.7984375 13297.11875
100 1718.58671875 15015.70546875
110 1792.55703125 16808.2625
120 1661.24765625 18469.51015625
130 1710.6921875 20180.20234375
140 1731.41875 21911.62109375
150 1740.415625 23652.03671875
160 1791.82421875 25443.8609375
170 1704.59765625 27148.45859375
180 1796.12265625 28944.58125
190 1687.3703125 30631.9515625
200 1615.86171875 32247.81328125
210 1703.79609375 33951.609375
220 1632.8359375 35584.4453125
230 1651.621875 37236.0671875
240 781.11328125 38017.18046875
250 322.70078125 38339.88125
260 157.49609375 38497.37734375
270 103.83046875 38601.2078125
280 85.3859375 38686.59375
290 39.69453125 38726.28828125
300 25.3125 38751.60078125
310 19.40625 38771.00703125
320 16.875 38787.88203125
330 14.34375 38802.22578125
340 7.59375 38809.81953125
350 4.21875 38814.03828125
360 2.53125 38816.56953125
370 0.84375 38817.41328125
