0 3.1 8.626622353830646 34.538410019725895 197.653076171875 0.858154296875 0 0
10 3.9 2.8614220252403855 1.5750521499601629 197.653076171875 0.858154296875 8.626622353830646 31
20 3.7 2.776756492820946 1.6561254043628915 197.653076171875 0.858154296875 5.414582170758929 70
30 4.7 2.573585023271277 1.482112601419777 197.653076171875 0.858154296875 4.502436842873832 107
40 4 2.476861572265624 2.1520955861660402 197.653076171875 0.79296875 3.913761287540585 154
50 4 1.9956481933593753 1.1587206115610738 197.653076171875 0.79296875 3.6174933050096656 194
60 4.4 2.0307950106534083 1.5860453137147752 197.653076171875 0.79296875 3.3402548243856844 234
70 4.3 2.1871650163517433 1.527450494285298 197.653076171875 0.79296875 3.1330021919964035 278
80 3.1 2.2040779359879044 1.854808788038154 197.653076171875 0.79296875 3.006301261925624 321
90 3.3 1.6629009824810606 0.5121870896792103 197.653076171875 0.79296875 2.9356509121981547 352
100 8.2 2.063095464939025 1.546776066152904 197.653076171875 0.79296875 2.8265580610795467 385
110 8 2.5100036621093746 2.1698269628356943 197.653076171875 0.79296875 2.692502530279712 467
120 8.3 2.0667268684111453 3.200853185451351 197.653076171875 0.79296875 2.6658116537648544 547
130 8.7 1.6175775637571839 0.693403499790477 197.653076171875 0.79296875 2.5868846106150802 630
140 8.9 1.8699827729985958 1.5323153601157844 197.653076171875 0.79296875 2.4692699480256284 717
150 9.8 1.596166493941327 0.673698660164351 197.653076171875 0.79296875 2.40309555773108 806
160 9 2.0081407335069446 1.2736667383356635 197.653076171875 0.79296875 2.3156187344441377 904
170 8.5 1.6721794577205882 0.5524962814164823 197.653076171875 0.79296875 2.287778673997108 994
180 6.8 2.2461296530330874 3.0249162433975796 197.653076171875 0.79296875 2.2392838330485407 1079
190 4.1 1.6739650819359757 0.6163230206294323 197.653076171875 0.79296875 2.2396896881130126 1147
199 0 0 0 197.653076171875 0.79296875 2.2201655224116164 1188
