0 0.1 5.335210251615603 0 5.335210251615603 5.335210251615603 0 0
10 0.1 3.291384317521781 0.0 5.335210251615603 3.291384317521781 5.335210251615603 1
20 0.1 3.2288698955365627 0.0 5.335210251615603 3.2288698955365627 4.3132972845686925 2
30 0.1 12.991765782250686 0.0 12.991765782250686 3.2288698955365627 3.951821488224649 3
40 0.1 2.4084778420038537 0.0 12.991765782250686 2.4084778420038537 6.211807561731158 4
50 0.1 2.804642166344294 0.0 12.991765782250686 2.4084778420038537 5.451141617785697 5
60 0.1 2.446183953033268 0.0 12.991765782250686 2.4084778420038537 5.010058375878796 6
70 0.1 2.7158098933074686 0.0 12.991765782250686 2.4084778420038537 4.643790601186579 7
80 0.1 13.640639698965193 0.0 13.640639698965193 2.4084778420038537 4.402793012701689 8
90 0.1 13.452492944496708 0.0 13.640639698965193 2.4084778420038537 5.429220422286523 9
100 0.1 2.346041055718475 0.0 13.640639698965193 2.346041055718475 6.231547674507541 10
110 0.1 3.5576923076923075 0.0 13.640639698965193 2.346041055718475 5.8783198000721715 11
120 0.1 3.842459173871278 0.0 13.640639698965193 2.346041055718475 5.684934175707183 12
130 0.1 3.4280117531831538 0.0 13.640639698965193 2.346041055718475 5.543205329412113 13
140 0.1 3.6203522504892365 0.0 13.640639698965193 2.346041055718475 5.392120073967187 14
150 0.1 3.9805825242718447 0.0 13.640639698965193 2.346041055718475 5.274002219068658 15
160 0.1 4.545454545454546 0.0 13.640639698965193 2.346041055718475 5.193163488143856 16
170 0.1 4.142581888246628 0.0 13.640639698965193 2.346041055718475 5.155062962103308 17
180 0.1 3.508771929824561 0.0 13.640639698965193 2.346041055718475 5.098814013555714 18
190 0.1 3.87972841901067 0.0 13.640639698965193 2.346041055718475 5.015127588096179 19
199 0.1 2.233009708737864 0.0 13.640639698965193 2.233009708737864 4.958357629641904 20
