0 0.1 3057.8046875 0 3057.8046875 3057.8046875 0 0
10 0.1 3055.8671875 0.0 3057.8046875 3055.8671875 3057.8046875 1
20 0.1 3054.0625 0.0 3057.8046875 3054.0625 3056.8359375 2
30 0.1 3052.703125 0.0 3057.8046875 3052.703125 3055.9114583333335 3
40 0.1 3051.62109375 0.0 3057.8046875 3051.62109375 3055.109375 4
50 0.1 3050.78515625 0.0 3057.8046875 3050.78515625 3054.41171875 5
60 0.1 3050.84765625 0.0 3057.8046875 3050.78515625 3053.8072916666665 6
70 0.1 3050.83203125 0.0 3057.8046875 3050.78515625 3053.3844866071427 7
80 0.1 3050.390625 0.0 3057.8046875 3050.390625 3053.0654296875 8
90 0.1 3050.2890625 0.0 3057.8046875 3050.2890625 3052.7682291666665 9
100 0.1 3050.34375 0.0 3057.8046875 3050.2890625 3052.5203125 10
110 0.1 3047.984375 0.0 3057.8046875 3047.984375 3052.322443181818 11
120 0.1 3049.12890625 0.0 3057.8046875 3047.984375 3051.9609375 12
130 0.1 3048.640625 0.0 3057.8046875 3047.984375 3051.7430889423076 13
140 0.1 3047.875 0.0 3057.8046875 3047.875 3051.521484375 14
150 0.1 3047.5078125 0.0 3057.8046875 3047.5078125 3051.278385416667 15
160 0.1 3047.2421875 0.0 3057.8046875 3047.2421875 3051.042724609375 16
170 0.1 3046.265625 0.0 3057.8046875 3046.265625 3050.819163602941 17
180 0.1 3048.921875 0.0 3057.8046875 3046.265625 3050.5661892361113 18
190 0.1 3048.828125 0.0 3057.8046875 3046.265625 3050.4796463815787 19
199 0.1 3047.3671875 0.0 3057.8046875 3046.265625 3050.3970703124996 20
