0 0.1 0.01171875 0 0.01171875 0.01171875 0 0
10 0.1 0.0 0.0 0.01171875 0.0 0.01171875 1
20 0.1 0.0 0.0 0.01171875 0.0 0.005859375 2
30 0.1 0.0 0.0 0.01171875 0.0 0.00390625 3
40 0.1 0.0 0.0 0.01171875 0.0 0.0029296875 4
50 0.1 0.0 0.0 0.01171875 0.0 0.00234375 5
60 0.1 0.0 0.0 0.01171875 0.0 0.001953125 6
70 0.1 0.0 0.0 0.01171875 0.0 0.0016741071428571428 7
80 0.1 0.0 0.0 0.01171875 0.0 0.00146484375 8
90 0.1 0.0703125 0.0 0.0703125 0.0 0.0013020833333333333 9
100 0.1 0.05859375 0.0 0.0703125 0.0 0.008203125 10
110 0.1 0.05078125 0.0 0.0703125 0.0 0.01278409090909091 11
120 0.1 0.0390625 0.0 0.0703125 0.0 0.015950520833333332 12
130 0.1 0.0390625 0.0 0.0703125 0.0 0.017728365384615384 13
140 0.1 0.03125 0.0 0.0703125 0.0 0.019252232142857144 14
150 0.1 0.01953125 0.0 0.0703125 0.0 0.020052083333333335 15
160 0.1 0.01953125 0.0 0.0703125 0.0 0.02001953125 16
170 0.1 0.01953125 0.0 0.0703125 0.0 0.01999080882352941 17
180 0.1 0.01171875 0.0 0.0703125 0.0 0.019965277777777776 18
190 0.1 0.01171875 0.0 0.0703125 0.0 0.01953125 19
199 0.1 0.01171875 0.0 0.0703125 0.0 0.019140625 20
