0 5.7 38.88426449424341 47.089566757899206 218.155029296875 12.756103515625 0 0
10 10.5 30.017234002976192 41.035491929103124 218.155029296875 2.267822265625 38.88426449424341 57
20 9.8 22.87631536989796 30.316566766741058 218.155029296875 1.427001953125 33.1371151017554 162
30 13.9 30.328286589478417 63.11848282921517 518.3271484375 1.135009765625 29.26958289513221 260
40 12.6 24.4977291046627 35.12658351388622 518.3271484375 1.135009765625 29.638404482886905 399
50 11.6 27.56338606209591 38.762932613253035 518.3271484375 1.135009765625 28.404642392113097 525
60 12.8 33.9386920928955 53.75050961147184 518.3271484375 1.135009765625 28.252402557039783 641
70 13.3 29.628588683623118 50.846294532271116 518.3271484375 1.135009765625 29.198885080563233 769
80 8.4 21.66534714471726 28.97906642301243 518.3271484375 1.135009765625 29.262244924473393 902
90 8.3 30.880918204066266 55.57899484257118 518.3271484375 1.135009765625 28.615044707942445 986
100 18.5 87.43906645903714 203.56538728834894 1039.3359375 1.135009765625 28.790973145901543 1069
110 22.1 23.35608738687783 35.70015547378201 1039.3359375 1.135009765625 37.44320381809459 1254
120 21.8 18.48250026877868 24.40493301938076 1039.3359375 1.135009765625 35.33252400026482 1475
130 24.6 26.623254295287094 42.10962905356453 1039.3359375 1.135009765625 33.162822184869675 1693
140 24 23.67757975260416 35.28986870773852 1039.3359375 1.135009765625 32.33315034328261 1939
150 26.7 27.352443966526216 45.29160164068826 1039.3359375 1.135009765625 31.3798061754245 2179
160 28.8 26.898724026150173 39.019699530131206 1039.3359375 1.135009765625 30.94018814199202 2446
170 24.1 20.699329170448642 30.96889381088158 1039.3359375 1.135009765625 30.51445966161073 2734
180 19.2 26.92237981160481 39.71070672267679 1039.3359375 1.135009765625 29.71935161173844 2975
190 17 26.031336167279413 39.57839407810354 1039.3359375 1.135009765625 29.549784644379535 3167
199 1.5 15.804182942708334 2.554928380696894 1039.3359375 1.135009765625 29.370540940122112 3337
