10 0.1 420 0 420 420 0 0
20 0.1 655.0 0.0 655 420 420.0 1
30 0.1 550.0 0.0 655 420 537.5 2
40 0.1 661.0 0.0 661 420 541.6666666666666 3
50 0.1 674.0 0.0 674 420 571.5 4
60 0.1 581.0 0.0 674 420 592.0 5
70 0.1 703.0 0.0 703 420 590.1666666666666 6
80 0.1 669.0 0.0 703 420 606.2857142857143 7
90 0.1 479.0 0.0 703 420 614.125 8
100 0.1 508.0 0.0 703 420 599.1111111111111 9
110 0.1 1133.0 0.0 1133 420 590.0 10
120 0.1 1230.0 0.0 1230 420 639.3636363636364 11
130 0.1 1222.0 0.0 1230 420 688.5833333333334 12
140 0.1 1333.0 0.0 1333 420 729.6153846153846 13
150 0.1 1340.0 0.0 1340 420 772.7142857142857 14
160 0.1 1485.0 0.0 1485 420 810.5333333333333 15
170 0.1 1529.0 0.0 1529 420 852.6875 16
180 0.1 1198.0 0.0 1529 420 892.4705882352941 17
190 0.1 1140.0 0.0 1529 420 909.4444444444445 18
199 0.1 515.0 0.0 1529 420 921.578947368421 19
