10 0.1 408 0 408 408 0 0
20 0.1 723.0 0.0 723 408 408.0 1
30 0.1 635.0 0.0 723 408 565.5 2
40 0.1 702.0 0.0 723 408 588.6666666666666 3
50 0.1 708.0 0.0 723 408 617.0 4
60 0.1 631.0 0.0 723 408 635.2 5
70 0.1 722.0 0.0 723 408 634.5 6
80 0.1 829.0 0.0 829 408 647.0 7
90 0.1 569.0 0.0 829 408 669.75 8
100 0.1 524.0 0.0 829 408 658.5555555555555 9
110 0.1 1129.0 0.0 1129 408 645.1 10
120 0.1 1295.0 0.0 1295 408 689.0909090909091 11
130 0.1 1306.0 0.0 1306 408 739.5833333333334 12
140 0.1 1398.0 0.0 1398 408 783.1538461538462 13
150 0.1 1374.0 0.0 1398 408 827.0714285714286 14
160 0.1 1543.0 0.0 1543 408 863.5333333333333 15
170 0.1 1577.0 0.0 1577 408 906.0 16
180 0.1 1230.0 0.0 1577 408 945.4705882352941 17
190 0.1 1132.0 0.0 1577 408 961.2777777777778 18
199 0.1 529.0 0.0 1577 408 970.2631578947369 19
