0 1.6 2179.4989471435547 2421.053539819495 7752.781982421875 15.62890625 0 0
10 3.7 4135.373376794763 3718.025173269675 12239.280029296875 14.440185546875 2179.4989471435547 16
20 3.8 5427.802522358143 4197.214051406934 13537.81005859375 14.1318359375 3544.9207187868515 53
30 4.3 4644.618084574855 3215.742261669432 13537.81005859375 14.1318359375 4331.179054344094 91
40 4.2 5609.614019484748 3725.47318088227 14040.47998046875 14.1318359375 4431.7602356868 134
50 4 3569.5244689941405 3435.219295489407 14040.47998046875 14.1318359375 4712.838979547674 176
60 4 5001.01640625 4537.740037372738 14040.47998046875 14.1318359375 4501.1140701859085 216
70 5 4736.364438476562 4130.5573111119 14040.47998046875 14.1318359375 4579.223810195923 256
80 3.4 4435.664952895221 4371.785599638895 14040.47998046875 14.1318359375 4604.900383444394 306
90 2.9 4588.2681253367455 3364.0160793983086 14040.47998046875 14.1318359375 4587.976840389477 340
100 5.6 3400.864815848214 3354.6563057516146 14040.47998046875 14.1318359375 4587.999732702406 369
110 8.6 4576.893228220385 3664.4992354138276 14556.962890625 14.1318359375 4431.577249540442 425
120 8.2 4232.541599180641 3650.3166494695697 14556.962890625 14.010009765625 4456.033559063876 511
130 9.2 4284.763796599015 3424.1955310594835 14556.962890625 14.010009765625 4425.129105926565 593
140 7.6 4970.32622006065 3860.155157710707 14556.962890625 13.638916015625 4406.277122776004 685
150 8.9 4778.629175079002 3473.7748857620427 14556.962890625 13.638916015625 4462.60791304359 761
160 10.2 4775.826107249538 3641.2700652525186 14556.962890625 13.638916015625 4495.697198127298 850
170 9.6 4487.823132832844 3723.809507228151 14556.962890625 13.638916015625 4525.711009818967 952
180 7.3 4517.7536821757285 3442.5426339225123 14556.962890625 13.638916015625 4522.240364598864 1048
190 5.6 5298.905700683594 3412.6996520148296 14556.962890625 13.638916015625 4521.948189918321 1121
199 1.1 10345.225896661932 1677.6503094657717 14556.962890625 13.638916015625 4558.914732486592 1177
