0 233.890625 233.890625
10 375.3234375 609.2140625
20 357.44921875 966.66328125
30 455.90625 1422.56953125
40 446.17890625 1868.7484375
50 399.5921875 2268.340625
60 430.2109375 2698.5515625
70 448.86484375 3147.41640625
80 301.12890625 3448.5453125
90 301.53828125 3750.08359375
100 706.14375 4456.22734375
110 810.99375 5267.22109375
120 831.5796875 6098.80078125
130 922.61640625 7021.4171875
140 892.446875 7913.8640625
150 1038.5796875 8952.44375
160 1040.9859375 9993.4296875
170 932.59453125 10926.02421875
180 736.978125 11663.00234375
190 586.01328125 12249.015625
199 53.634375 12302.65
