0 17.23671875 17.23671875
10 39.66953125 56.90625
20 35.70625 92.6125
30 53.31953125 145.93203125
40 49.475 195.40703125
50 44.41015625 239.8171875
60 51.7171875 291.534375
70 53.16328125 344.69765625
80 32.346875 377.04453125
90 30.246875 407.29140625
100 63.2890625 470.58046875
110 81.1890625 551.76953125
120 80.821875 632.59140625
130 92.503125 725.09453125
140 90.47109375 815.565625
150 99.4046875 914.9703125
160 115.26328125 1030.23359375
170 89.23515625 1119.46875
180 71.61640625 1191.08515625
190 71.5203125 1262.60546875
199 8.42421875 1271.0296875
