0 0.9 21.28244357638889 42.27931703637515 134.14013671875 1.199951171875 0 0
10 1 1.2571044921875 0.11419193031222881 134.14013671875 0.97900390625 21.28244357638889 9
20 0.7 1.353271484375 0.11557510654525535 134.14013671875 0.97900390625 10.74279142680921 19
30 0.8 1.524322509765625 0.8483342824283541 134.14013671875 0.97900390625 8.21484375 26
40 1.3 1.6280423677884615 1.1587088788256377 134.14013671875 0.97900390625 6.640603458180147 34
50 1.1 2.000577059659091 1.5939378212014919 134.14013671875 0.97900390625 5.254150390625 47
60 0.9 4.045166015625 6.7030929390773615 134.14013671875 0.97900390625 4.637093379579741 58
70 1.4 1.5950927734375 0.7081441317710513 134.14013671875 0.97900390625 4.5575807486007465 67
80 1 2.083349609375 1.8863829958059133 134.14013671875 0.97900390625 4.045545789930555 81
90 0.9 1.7071397569444444 0.2349445659306091 134.14013671875 0.97900390625 3.8299198360233517 91
95 0 0 0 134.14013671875 0.97900390625 3.63886962890625 100
