0 0.1 6.838420699854241 0 6.838420699854241 6.838420699854241 0 0
10 0.1 1.9704433497536946 0.0 6.838420699854241 1.9704433497536946 6.838420699854241 1
20 0.1 1.4807502467917077 0.0 6.838420699854241 1.4807502467917077 4.404432024803968 2
30 0.1 0.7928642220019821 0.0 6.838420699854241 0.7928642220019821 3.4298714321332144 3
40 0.1 1.3820335636722607 0.0 6.838420699854241 0.7928642220019821 2.7706196296004064 4
50 0.1 0.9891196834817012 0.0 6.838420699854241 0.7928642220019821 2.4929024164147773 5
60 0.1 1.183431952662722 0.0 6.838420699854241 0.7928642220019821 2.2422719609259314 6
70 0.1 0.9900990099009901 0.0 6.838420699854241 0.7928642220019821 2.091009102602616 7
80 0.1 0.9910802775024776 0.0 6.838420699854241 0.7928642220019821 1.9533953410149127 8
90 0.1 0.9891196834817012 0.0 6.838420699854241 0.7928642220019821 1.8464714450690864 9
95 0.1 0.891089108910891 0.0 6.838420699854241 0.7928642220019821 1.7607362689103478 10
