0 0.1 3058.97265625 0 3058.97265625 3058.97265625 0 0
10 0.1 3058.2421875 0.0 3058.97265625 3058.2421875 3058.97265625 1
20 0.1 3057.5234375 0.0 3058.97265625 3057.5234375 3058.607421875 2
30 0.1 3057.2890625 0.0 3058.97265625 3057.2890625 3058.24609375 3
40 0.1 3057.31640625 0.0 3058.97265625 3057.2890625 3058.0068359375 4
50 0.1 3057.33984375 0.0 3058.97265625 3057.2890625 3057.86875 5
60 0.1 3057.3125 0.0 3058.97265625 3057.2890625 3057.7805989583335 6
70 0.1 3057.3203125 0.0 3058.97265625 3057.2890625 3057.7137276785716 7
80 0.1 3057.21484375 0.0 3058.97265625 3057.21484375 3057.66455078125 8
90 0.1 3057.25390625 0.0 3058.97265625 3057.21484375 3057.6145833333335 9
95 0.1 3057.25390625 0.0 3058.97265625 3057.21484375 3057.578515625 10
