0 2.7 307.13807508680554 375.52828555402925 1361.791015625 10.839111328125 0 0
10 3 158.97396647135417 210.01610946733243 1361.791015625 9.940185546875 307.13807508680554 27
20 2.1 205.17706008184524 230.99156547400725 1361.791015625 9.940185546875 229.15696528919955 57
30 2.2 132.67112038352272 151.93531303474668 1361.791015625 9.175048828125 222.70083696414264 78
40 4.1 257.7055009051067 278.40303863262216 1361.791015625 9.175048828125 202.89429931640626 100
50 3.1 138.00112619707662 174.20479437754378 1361.791015625 9.175048828125 218.8323082890071 141
60 2.2 188.332763671875 181.01136142091823 1361.791015625 9.175048828125 204.2638975631359 172
70 4.9 215.69503348214286 252.94935077542974 1361.791015625 8.93212890625 202.45727413216818 194
80 3 148.06029459635423 173.5406631394934 1361.791015625 8.93212890625 205.12661655253345 243
90 2.7 159.03791413483796 196.8179691060502 1361.791015625 8.93212890625 198.8555921617445 273
95 0 0 0 1361.791015625 8.93212890625 195.27200113932292 300
