0 3.6 230.33885362413196 231.23757391953575 730.695068359375 10.839111328125 0 0
10 4 119.21719360351563 141.40822473744348 730.695068359375 9.940185546875 230.33885362413196 36
20 2.8 153.86757114955358 145.99036610321374 730.695068359375 9.940185546875 171.85376940275492 76
30 2.9 100.63380589978448 133.30410346668484 730.695068359375 9.175048828125 167.01133141150842 104
40 5.5 192.09464222301136 192.85369748780028 730.695068359375 9.175048828125 152.53803637511749 133
50 4.1 104.3280654535061 150.0790529551715 730.695068359375 9.175048828125 164.11044766040558 188
60 3 149.5413818359375 145.15773680342284 730.695068359375 9.175048828125 153.4070517194323 229
70 6.5 157.302099609375 186.93978336370895 730.695068359375 8.93212890625 152.9592907290661 259
80 4 111.03171997070312 136.9937004005314 730.695068359375 8.93212890625 153.83053325135032 324
90 3.6 119.25326877170139 137.77310906489686 730.695068359375 8.93212890625 149.1273669567737 364
95 0 0 0 730.695068359375 8.93212890625 146.43869812011718 400
