0 0.9 925.8472493489584 384.642126988303 1582.287109375 479.1201171875 0 0
10 1 479.2617919921875 141.75934047688253 1582.287109375 356.303955078125 925.8472493489584 9
20 0.7 617.9753069196429 222.86629811399803 1582.287109375 356.303955078125 690.8022717927631 19
30 0.8 410.6329040527344 110.0830122903699 1582.287109375 356.303955078125 671.1950120192307 26
40 1.3 788.3863431490385 333.39307298028876 1582.287109375 351.635009765625 609.8862807329963 34
50 1.1 422.75388405539775 121.8555815432996 1582.287109375 351.635009765625 659.2586384225399 47
60 0.6 594.3336588541666 254.66953099702584 1582.287109375 351.635009765625 614.4042884563578 58
70 1.7 638.4969697840073 253.74898177135861 1582.287109375 351.635009765625 612.5226669311523 64
80 1 446.4858154296875 130.4447888810619 1582.287109375 351.635009765625 617.974063826196 81
90 0.9 479.43687608506946 139.49090831290118 1582.287109375 351.635009765625 599.1292013650412 91
95 0 0 0 1582.287109375 351.635009765625 588.3568920898438 100
