0 25.3 3.4241774487401218 14.68310147317391 153.26513671875 0.85205078125 0 0
10 28.1 1.522810206294484 0.6414522341636117 153.26513671875 0.845947265625 3.4241774487401218 253
20 32.5 1.5427839543269228 1.6238738770497625 153.26513671875 0.840087890625 2.4236452481273427 534
30 30.1 1.4759898645141196 0.6540312886699097 153.26513671875 0.8291015625 2.0903740950596634 859
40 31.5 1.5592819940476192 0.9189007932936828 153.26513671875 0.81591796875 1.930951980064656 1160
50 27.2 1.587624942555147 0.7925330827383744 153.26513671875 0.81591796875 1.8515783898305092 1475
60 51.4 1.6458227254073439 2.1842238193169603 153.26513671875 0.81591796875 1.8104820316971957 1747
70 48.5 2.2902595441366014 3.3244388064899315 153.26513671875 0.81591796875 1.7730495312845538 2261
80 48 1.845645141601562 1.8754870450706758 153.26513671875 0.81591796875 1.8643994425129744 2746
90 51.3 1.5921614202607217 1.1688232034178558 153.26513671875 0.808837890625 1.8616089699657092 3226
100 48.2 1.5395588855031128 0.9073489963595999 153.26513671875 0.808837890625 1.8246401031567605 3739
110 49 1.454312818877551 0.7610372788529564 153.26513671875 0.808837890625 1.7920864080823566 4221
120 48.4 1.5733239039901865 1.8719639822427703 153.26513671875 0.788818359375 1.7569539396658096 4711
130 48.5 1.589815057184278 0.7901059626159896 153.26513671875 0.788818359375 1.7398457707982442 5195
140 53.4 1.52355682715941 0.6827737257778492 153.26513671875 0.788818359375 1.7270350496533897 5680
150 53.5 1.5306677132009352 1.1422848539111896 153.26513671875 0.788818359375 1.709549151550431 6214
160 48.5 1.8963333601804147 2.464152073346847 153.26513671875 0.77685546875 1.6953690404944257 6749
170 49.4 1.4327204777644227 0.6900923646676489 153.26513671875 0.77685546875 1.7088425952425188 7234
180 33.5 1.6384393948227611 1.9446803927300818 153.26513671875 0.77685546875 1.6911919319358184 7728
190 31.6 1.6433437685423267 0.9996769380933536 153.26513671875 0.77685546875 1.6890001794946832 8063
200 28 1.483442034040178 0.27643765512377666 153.26513671875 0.77685546875 1.6872783241586116 8379
210 30.7 1.4925549038070034 0.7102393327251787 153.26513671875 0.77685546875 1.6806870132412814 8659
220 32.7 1.553766186448777 1.4470006452400817 153.26513671875 0.77685546875 1.674245282525653 8966
230 27.7 1.4862778866764446 1.6048511354493855 153.26513671875 0.77685546875 1.6700058911109175 9293
240 0 0 0 153.26513671875 0.77685546875 1.6646879540964608 9570
