0 0.1 2.2679501706347343 0 2.2679501706347343 2.2679501706347343 0 0
10 0.1 9.224730127576054 0.0 9.224730127576054 2.2679501706347343 2.2679501706347343 1
20 0.1 8.956692913385826 0.0 9.224730127576054 2.2679501706347343 5.746340149105394 2
30 0.1 10.83984375 0.0 10.83984375 2.2679501706347343 6.8164577371988715 3
40 0.1 9.47680157946693 0.0 10.83984375 2.2679501706347343 7.822304240399154 4
50 0.1 10.439024390243903 0.0 10.83984375 2.2679501706347343 8.15320370821271 5
60 0.1 10.992217898832685 0.0 10.992217898832685 2.2679501706347343 8.534173821884574 6
70 0.1 14.936954413191076 0.0 14.936954413191076 2.2679501706347343 8.885322975734304 7
80 0.1 14.215686274509803 0.0 14.936954413191076 2.2679501706347343 9.641776905416402 8
90 0.1 25.46468401486989 0.0 25.46468401486989 2.2679501706347343 10.14998905753789 9
100 0.1 16.634429400386846 0.0 25.46468401486989 2.2679501706347343 11.68145855327109 10
110 0.1 15.18987341772152 0.0 25.46468401486989 2.2679501706347343 12.131728630281613 11
120 0.1 14.538310412573674 0.0 25.46468401486989 2.2679501706347343 12.386574029234938 12
130 0.1 16.522574447646495 0.0 25.46468401486989 2.2679501706347343 12.552092212568688 13
140 0.1 14.37007874015748 0.0 25.46468401486989 2.2679501706347343 12.835698086502816 14
150 0.1 16.015625 0.0 25.46468401486989 2.2679501706347343 12.937990130079793 15
160 0.1 20.884289746001883 0.0 25.46468401486989 2.2679501706347343 13.130342309449807 16
170 0.1 22.064393939393938 0.0 25.46468401486989 2.2679501706347343 13.586456864541105 17
180 0.1 15.503875968992247 0.0 25.46468401486989 2.2679501706347343 14.057453368699596 18
190 0.1 11.42578125 0.0 25.46468401486989 2.2679501706347343 14.133580873978156 19
200 0.1 10.707269155206287 0.0 25.46468401486989 2.2679501706347343 13.998190892779249 20
210 0.1 10.089020771513352 0.0 25.46468401486989 2.2679501706347343 13.841480333847203 21
220 0.1 11.5234375 0.0 25.46468401486989 2.2679501706347343 13.670913990104754 22
230 0.1 11.71875 0.0 25.46468401486989 2.2679501706347343 13.577545447056721 23
240 0.1 7.889546351084813 0.0 25.46468401486989 2.2679501706347343 13.500095636762692 24
