0 0.1 3058.828125 0 3058.828125 3058.828125 0 0
10 0.1 3046.3984375 0.0 3058.828125 3046.3984375 3058.828125 1
20 0.1 3044.90625 0.0 3058.828125 3044.90625 3052.61328125 2
30 0.1 3043.01953125 0.0 3058.828125 3043.01953125 3050.0442708333335 3
40 0.1 3042.71484375 0.0 3058.828125 3042.71484375 3048.2880859375 4
50 0.1 3042.4140625 0.0 3058.828125 3042.4140625 3047.1734375 5
60 0.1 3042.25 0.0 3058.828125 3042.25 3046.3802083333335 6
70 0.1 3030.8984375 0.0 3058.828125 3030.8984375 3045.7901785714284 7
80 0.1 3017.9453125 0.0 3058.828125 3017.9453125 3043.9287109375 8
90 0.1 3007.8203125 0.0 3058.828125 3007.8203125 3041.0416666666665 9
100 0.1 3005.046875 0.0 3058.828125 3005.046875 3037.71953125 10
110 0.1 3004.140625 0.0 3058.828125 3004.140625 3034.7492897727275 11
120 0.1 3003.69140625 0.0 3058.828125 3003.69140625 3032.1985677083335 12
130 0.1 3003.44921875 0.0 3058.828125 3003.44921875 3030.0057091346152 13
140 0.1 3003.375 0.0 3058.828125 3003.375 3028.108816964286 14
150 0.1 3003.08984375 0.0 3058.828125 3003.08984375 3026.459895833333 15
160 0.1 2996.76953125 0.0 3058.828125 2996.76953125 3024.999267578125 16
170 0.1 3002.37890625 0.0 3058.828125 2996.76953125 3023.338694852941 17
180 0.1 3002.375 0.0 3058.828125 2996.76953125 3022.174262152778 18
190 0.1 3002.23828125 0.0 3058.828125 2996.76953125 3021.132195723684 19
200 0.1 3002.16015625 0.0 3058.828125 2996.76953125 3020.1875 20
210 0.1 3002.3046875 0.0 3058.828125 2996.76953125 3019.329055059524 21
220 0.1 3002.62109375 0.0 3058.828125 2996.76953125 3018.5552201704545 22
230 0.1 3002.7734375 0.0 3058.828125 2996.76953125 3017.8624320652175 23
240 0.1 3003.09375 0.0 3058.828125 2996.76953125 3017.2337239583335 24
