0 0.1 0.0 0 0.0 0.0 0 0
10 0.1 0.0 0.0 0.0 0.0 0.0 1
20 0.1 0.0 0.0 0.0 0.0 0.0 2
30 0.1 0.0 0.0 0.0 0.0 0.0 3
40 0.1 0.0 0.0 0.0 0.0 0.0 4
50 0.1 0.0 0.0 0.0 0.0 0.0 5
60 0.1 0.078125 0.0 0.078125 0.0 0.0 6
70 0.1 0.0703125 0.0 0.078125 0.0 0.011160714285714286 7
80 0.1 0.140625 0.0 0.140625 0.0 0.0185546875 8
90 0.1 0.19140625 0.0 0.19140625 0.0 0.03211805555555555 9
100 0.1 0.16015625 0.0 0.19140625 0.0 0.048046875 10
110 0.1 0.12890625 0.0 0.19140625 0.0 0.05823863636363636 11
120 0.1 0.109375 0.0 0.19140625 0.0 0.06412760416666667 12
130 0.1 0.1015625 0.0 0.19140625 0.0 0.06760817307692307 13
140 0.1 0.1484375 0.0 0.19140625 0.0 0.07003348214285714 14
150 0.1 0.12890625 0.0 0.19140625 0.0 0.07526041666666666 15
160 0.1 0.26171875 0.0 0.26171875 0.0 0.07861328125 16
170 0.1 0.21875 0.0 0.26171875 0.0 0.08938419117647059 17
180 0.1 0.19140625 0.0 0.26171875 0.0 0.09657118055555555 18
190 0.1 0.16015625 0.0 0.26171875 0.0 0.1015625 19
200 0.1 0.12890625 0.0 0.26171875 0.0 0.1044921875 20
210 0.1 0.109375 0.0 0.26171875 0.0 0.1056547619047619 21
220 0.1 0.08984375 0.0 0.26171875 0.0 0.10582386363636363 22
230 0.1 0.078125 0.0 0.26171875 0.0 0.10512907608695653 23
240 0.1 0.0703125 0.0 0.26171875 0.0 0.10400390625 24
