10 0.1 2979 0 2979 2979 0 0
20 0.1 3385.0 0.0 3385 2979 2979.0 1
30 0.1 3812.0 0.0 3812 2979 3182.0 2
40 0.1 3711.0 0.0 3812 2979 3392.0 3
50 0.1 3649.0 0.0 3812 2979 3471.75 4
60 0.1 3559.0 0.0 3812 2979 3507.2 5
70 0.1 4806.0 0.0 4806 2979 3515.8333333333335 6
80 0.1 4703.0 0.0 4806 2979 3700.1428571428573 7
90 0.1 5345.0 0.0 5345 2979 3825.5 8
100 0.1 5817.0 0.0 5817 2979 3994.3333333333335 9
110 0.1 5703.0 0.0 5817 2979 4176.6 10
120 0.1 5691.0 0.0 5817 2979 4315.363636363636 11
130 0.1 5643.0 0.0 5817 2979 4430.0 12
140 0.1 5772.0 0.0 5817 2979 4523.307692307692 13
150 0.1 5906.0 0.0 5906 2979 4612.5 14
160 0.1 6052.0 0.0 6052 2979 4698.733333333334 15
170 0.1 5867.0 0.0 6052 2979 4783.3125 16
180 0.1 5643.0 0.0 6052 2979 4847.058823529412 17
190 0.1 4266.0 0.0 6052 2979 4891.277777777777 18
200 0.1 3983.0 0.0 6052 2979 4858.368421052632 19
210 0.1 4076.0 0.0 6052 2979 4814.6 20
220 0.1 4234.0 0.0 6052 2979 4779.428571428572 21
230 0.1 4244.0 0.0 6052 2979 4754.636363636364 22
240 0.1 3613.0 0.0 6052 2979 4732.434782608696 23
