0 35.8 73.64894283017632 74.03593729389992 324.22607421875 11.008056640625 0 0
10 46.9 55.385934272554636 41.22656383654838 324.22607421875 11.008056640625 73.64894283017632 358
20 54.1 73.97145765942696 53.86961370625955 324.22607421875 10.876953125 63.29180738456016 827
30 50.2 46.54918898624251 32.54173246856295 324.22607421875 10.77099609375 67.51526557074652 1368
40 52.8 57.56233122854522 36.27548350275781 324.22607421875 10.77099609375 61.8869391293449 1870
50 47.3 50.30516236125794 41.26642601063669 324.22607421875 10.77099609375 60.93473188513213 2398
60 60.1 1007.0964623576593 683.7492535482219 2249.676025390625 10.77099609375 59.183500124493854 2871
70 52.8 3922.710953683564 815.827498087169 5465.7939453125 10.77099609375 223.26636023455504 3472
80 63.1 5751.281191189581 2187.8746544521246 7763.428955078125 1.38916015625 711.5930465698242 4000
90 86.3 5326.531211808829 4581.577594763596 10292.4921875 1.075927734375 1398.2791228503395 4631
100 85.6 6176.680418495814 4792.864268890057 10319.60791015625 0.993896484375 2015.330734202938 5494
110 82 6074.34289937833 4597.645717978552 10319.60791015625 0.993896484375 2576.2937782587965 6350
120 82 6297.977769805166 4629.16863180202 10319.60791015625 0.993896484375 2976.349605220863 7170
130 83.3 6153.022274827898 4731.8850640670935 10319.60791015625 0.993896484375 3317.2426083446585 7990
140 86.8 5806.665266608317 4666.147389753836 10319.60791015625 0.993896484375 3584.975178012633 8823
150 91 5526.639247617613 4932.60368612967 10319.60791015625 0.944091796875 3783.966716233772 9691
160 85 6025.2439346852025 4951.081065608978 10426.876953125 0.90283203125 3933.559396505378 10601
170 83 6224.569444182978 4802.900930396971 10426.876953125 0.89404296875 4088.8237277823714 11451
180 64.5 8323.056117899097 2780.9082247475335 10426.876953125 0.89404296875 4233.166122099814 12281
190 56.5 8516.510425020751 233.03450019862422 10426.876953125 0.89404296875 4437.249291470891 12926
200 59.5 8068.77597327994 334.2935721228993 10426.876953125 0.89404296875 4608.0878164472215 13491
210 57.9 6409.205119447596 377.74763123134227 10426.876953125 0.89404296875 4754.269092417367 14086
220 60.8 5588.873136420001 254.31817222896169 10426.876953125 0.89404296875 4819.6088782782945 14665
230 60.8 4836.209653753981 213.95055964917654 10426.876953125 0.89404296875 4850.232375230443 15273
240 35.4 2791.643742965436 1578.4865310838863 10426.876953125 0.89404296875 4849.695518945719 15881
