10 0.1 3188 0 3188 3188 0 0
20 0.1 3699.0 0.0 3699 3188 3188.0 1
30 0.1 4211.0 0.0 4211 3188 3443.5 2
40 0.1 4092.0 0.0 4211 3188 3699.3333333333335 3
50 0.1 3939.0 0.0 4211 3188 3797.5 4
60 0.1 3798.0 0.0 4211 3188 3825.8 5
70 0.1 5075.0 0.0 5075 3188 3821.1666666666665 6
80 0.1 5091.0 0.0 5091 3188 4000.285714285714 7
90 0.1 5626.0 0.0 5626 3188 4136.625 8
100 0.1 6509.0 0.0 6509 3188 4302.111111111111 9
110 0.1 6381.0 0.0 6509 3188 4522.8 10
120 0.1 6388.0 0.0 6509 3188 4691.727272727273 11
130 0.1 6295.0 0.0 6509 3188 4833.083333333333 12
140 0.1 6437.0 0.0 6509 3188 4945.538461538462 13
150 0.1 6677.0 0.0 6677 3188 5052.071428571428 14
160 0.1 6821.0 0.0 6821 3188 5160.4 15
170 0.1 6463.0 0.0 6821 3188 5264.1875 16
180 0.1 6284.0 0.0 6821 3188 5334.705882352941 17
190 0.1 4528.0 0.0 6821 3188 5387.444444444444 18
200 0.1 4228.0 0.0 6821 3188 5342.210526315789 19
210 0.1 4242.0 0.0 6821 3188 5286.5 20
220 0.1 4441.0 0.0 6821 3188 5236.761904761905 21
230 0.1 4560.0 0.0 6821 3188 5200.590909090909 22
240 0.1 3803.0 0.0 6821 3188 5172.739130434783 23
