0 17.2 3105.4669388172224 1363.5614789050896 5195.26416015625 26.119873046875 0 0
10 27.5 3233.354311079546 1378.753566893506 5221.531982421875 26.119873046875 3105.4669388172224 172
20 32.8 3398.3169682200364 1159.9499665758917 5221.531982421875 26.119873046875 3184.1448524014263 447
30 30.1 3278.2687728729743 1276.8464843178936 5221.531982421875 25.27001953125 3274.7880188382055 775
40 31.5 3271.8340603298607 1285.6412937804873 5221.531982421875 25.27001953125 3275.7617241955154 1076
50 28 3261.4526663643983 1258.5110188858137 5221.531982421875 25.27001953125 3274.8722819829477 1391
60 30.1 4268.24877686358 1540.1300221405702 7646.9169921875 25.27001953125 3272.6236330462666 1671
70 28.2 8058.393559881982 1923.3664137531653 12293.989013671875 25.27001953125 3424.5927853226417 1972
80 33.8 11669.472474227998 2992.4173896616426 17002.85400390625 15.889892578125 4004.3318352009624 2254
90 46.3 12006.979741073836 6000.518737449985 21338.544921875 6.858154296875 5003.875637666679 2592
100 50.5 13245.957150177908 6622.297643597298 23853.285888671875 6.858154296875 6065.229876579122 3055
110 50.6 13675.638038846344 6909.014347197078 24681.346923828125 6.68603515625 7083.844279154231 3560
120 48.5 13522.588089461178 6806.841026167661 24681.346923828125 6.68603515625 7904.170802126245 4066
130 48.2 13673.510846023248 6908.890385365667 24681.346923828125 6.68603515625 8502.925446019333 4551
140 50.7 13392.598310180903 7013.441648382158 24681.346923828125 6.68603515625 8998.101715203096 5033
150 52.6 12555.567104325093 7148.526587034038 24783.6240234375 6.593017578125 9400.269544382472 5540
160 51.5 13214.527130423241 7107.4286587916195 25046.756103515625 6.593017578125 9673.874311367277 6066
170 49.5 13640.703397747002 6965.002671874375 25046.756103515625 6.593017578125 9950.950166376215 6581
180 39 15317.032796223959 6302.172632120159 25046.756103515625 6.593017578125 10209.06602979178 7076
190 36.8 17630.523982172446 4469.079277673636 25046.756103515625 6.593017578125 10475.88990320573 7466
200 34.3 17357.08208320996 3806.2115579472365 25046.756103515625 6.593017578125 10811.976875513586 7834
210 36.7 15407.41816565906 3527.296680612328 25046.756103515625 6.593017578125 11086.523908195482 8177
220 35 13348.227087053567 2876.7176765667787 25046.756103515625 6.593017578125 11272.124117990557 8544
230 37.6 12029.253516663895 2469.1198186293 25046.756103515625 6.593017578125 11353.823695140552 8894
240 30 9491.016247558591 2064.962055473871 25046.756103515625 6.593017578125 11381.219769886267 9270
