0 1498.3765625 1498.3765625
10 1793.10625 3291.4828125
20 2110.54765625 5402.03046875
30 1915.20546875 7317.2359375
40 2028.26953125 9345.50546875
50 1773.078125 11118.58359375
60 2479.9328125 13598.51640625
70 2175.80546875 15774.321875
80 2242.821875 18017.14375
90 1867.771875 19884.915625
100 1889.1140625 21774.0296875
110 1800.10234375 23574.13203125
120 1919.33671875 25493.46875
130 1887.19921875 27380.66796875
140 1877.17734375 29257.8453125
150 1872.36171875 31130.20703125
160 1818.64921875 32948.85625
170 1841.94375 34790.8
180 2204.3625 36995.1625
190 2059.7625 39054.925
200 2319.0828125 41374.0078125
210 2183.56875 43557.5765625
220 2373.5 45931.0765625
230 2279.05234375 48210.12890625
240 1089.52421875 49299.653125
