0 85.9546875 85.9546875
10 127.4015625 213.35625
20 141.42265625 354.77890625
30 134.51953125 489.2984375
40 139.52265625 628.82109375
50 130.2578125 759.07890625
60 194.7890625 953.86796875
70 181.72109375 1135.5890625
80 194.67578125 1330.26484375
90 200.55390625 1530.81875
100 195.91953125 1726.73828125
110 187.846875 1914.58515625
120 188.8609375 2103.44609375
130 192.0609375 2295.50703125
140 191.5953125 2487.10234375
150 206.31953125 2693.421875
160 190.40390625 2883.82578125
170 185.18203125 3069.0078125
180 159.6203125 3228.628125
190 146.82265625 3375.45078125
200 145.2109375 3520.66171875
210 148.30234375 3668.9640625
220 155.0078125 3823.971875
230 142.46484375 3966.43671875
240 65.0484375 4031.48515625
