0 0.7 24.570486886160715 56.66589717261436 163.3720703125 1.16796875 0 0
10 0.9 1.6356065538194444 0.2838773598043783 163.3720703125 1.14599609375 24.570486886160715 7
20 1.3 1.7185621995192308 0.5266086347775276 163.3720703125 1.055908203125 11.66961669921875 16
30 1.1 1.8910245028409092 0.7764484955598181 163.3720703125 1.055908203125 7.2087991648706895 29
40 0.8 1.584136962890625 0.37327923827868736 163.3720703125 1.055908203125 5.7464111328125 40
50 0.5 1.57119140625 0.35121665389040235 163.3720703125 1.055908203125 5.0526987711588545 48
60 0.9 2.7281087239583335 3.5810480833505602 163.3720703125 0.865966796875 4.724254680129717 53
70 0.8 1.45989990234375 0.32532408744959873 163.3720703125 0.865966796875 4.434491557459677 62
80 0.8 1.565093994140625 0.29700063098884993 163.3720703125 0.865966796875 4.094538225446429 70
90 0.9 1.7150336371527777 0.8031675827817898 163.3720703125 0.865966796875 3.8351080478766026 78
97 0.3 1.63427734375 0.2688921293828796 163.3720703125 0.865966796875 3.615790005387931 87
