0 0.1 1.802800256534052 0 1.802800256534052 1.802800256534052 0 0
10 0.1 2.0648967551622417 0.0 2.0648967551622417 1.802800256534052 1.802800256534052 1
20 0.1 0.9891196834817012 0.0 2.0648967551622417 0.9891196834817012 1.9338485058481467 2
30 0.1 1.089108910891089 0.0 2.0648967551622417 0.9891196834817012 1.618938898392665 3
40 0.1 1.083743842364532 0.0 2.0648967551622417 0.9891196834817012 1.486481401517271 4
50 0.1 0.9871668311944718 0.0 2.0648967551622417 0.9871668311944718 1.405933889686723 5
60 0.1 1.0869565217391304 0.0 2.0648967551622417 0.9871668311944718 1.3361393799380146 6
70 0.1 1.5779092702169626 0.0 2.0648967551622417 0.9871668311944718 1.3005418287667454 7
80 0.1 1.3806706114398422 0.0 2.0648967551622417 0.9871668311944718 1.3352127589480225 8
90 0.1 1.085883514313919 0.0 2.0648967551622417 0.9871668311944718 1.3402636314471137 9
97 0.1 1.0869565217391304 0.0 2.0648967551622417 0.9871668311944718 1.3148256197337942 10
