0 0.1 3064.1875 0 3064.1875 3064.1875 0 0
10 0.1 3063.66796875 0.0 3064.1875 3063.66796875 3064.1875 1
20 0.1 3063.70703125 0.0 3064.1875 3063.66796875 3063.927734375 2
30 0.1 3063.5546875 0.0 3064.1875 3063.5546875 3063.8541666666665 3
40 0.1 3063.58984375 0.0 3064.1875 3063.5546875 3063.779296875 4
50 0.1 3063.59765625 0.0 3064.1875 3063.5546875 3063.74140625 5
60 0.1 3063.60546875 0.0 3064.1875 3063.5546875 3063.7174479166665 6
70 0.1 3062.73828125 0.0 3064.1875 3062.73828125 3063.7014508928573 7
80 0.1 3062.4921875 0.0 3064.1875 3062.4921875 3063.5810546875 8
90 0.1 3062.53125 0.0 3064.1875 3062.4921875 3063.4600694444443 9
97 0.1 3062.37890625 0.0 3064.1875 3062.37890625 3063.3671875 10
