0 0.1 0.0 0 0.0 0.0 0 0
10 0.1 0.078125 0.0 0.078125 0.0 0.0 1
20 0.1 0.0703125 0.0 0.078125 0.0 0.0390625 2
30 0.1 0.05859375 0.0 0.078125 0.0 0.049479166666666664 3
40 0.1 0.05078125 0.0 0.078125 0.0 0.0517578125 4
50 0.1 0.0390625 0.0 0.078125 0.0 0.0515625 5
60 0.1 0.03125 0.0 0.078125 0.0 0.049479166666666664 6
70 0.1 0.03125 0.0 0.078125 0.0 0.046875 7
80 0.1 0.01953125 0.0 0.078125 0.0 0.044921875 8
90 0.1 0.01953125 0.0 0.078125 0.0 0.04210069444444445 9
97 0.1 0.01953125 0.0 0.078125 0.0 0.03984375 10
