0 1.4 31.438668387276785 54.61767527193541 227.7490234375 10.83203125 0 0
10 1.8 16.072347005208332 3.6639984277086066 227.7490234375 10.68896484375 31.438668387276785 14
20 2.6 18.57985276442308 21.18644067483975 227.7490234375 9.841796875 22.79511260986328 32
30 2.2 16.21707430752841 6.681433045434067 227.7490234375 9.841796875 20.90551336880388 58
40 1.6 14.407012939453125 3.5910637309803537 227.7490234375 9.800048828125 19.616192626953126 80
50 1 16.4169921875 4.445544038719421 227.7490234375 9.800048828125 18.747996012369793 96
60 1.8 20.10051812065972 16.270098655753166 227.7490234375 9.800048828125 18.52808999115566 106
70 1.6 15.219268798828125 4.917062214444587 227.7490234375 9.800048828125 18.75634568737399 124
80 1.6 15.764190673828125 3.675014535349489 227.7490234375 9.800048828125 18.352108328683034 140
90 1.8 14.153564453125 3.6761694601907635 227.7490234375 9.800048828125 18.086680876903042 156
97 0.6 15.6783447265625 4.198341906767399 227.7490234375 9.800048828125 17.679806764098416 174
