0 0.7 65.38727678571429 78.12997531456729 256.653076171875 27.7138671875 0 0
10 0.9 34.31597222222222 4.6784847411103865 256.653076171875 24.94091796875 65.38727678571429 7
20 1.5 37.41468098958333 29.87083683585914 256.653076171875 23.16015625 47.90966796875 16
30 1 35.2615478515625 13.189107706073594 256.653076171875 22.444091796875 42.831448462701616 31
40 0.7 32.168770926339285 3.3317040010446797 256.653076171875 22.444091796875 40.98513124047256 41
50 0.5 34.87080078125 2.843554586047234 256.653076171875 22.444091796875 39.69941202799479 48
60 0.9 43.051350911458336 26.492497177761432 256.653076171875 22.444091796875 39.24388266509434 53
70 1 32.04228515625 5.202213992075842 256.653076171875 22.444091796875 39.79657966859879 62
80 0.6 34.920369466145836 4.463804942192941 256.653076171875 22.444091796875 38.71959431966146 72
90 0.9 30.41875542534722 3.866868836393301 256.653076171875 22.319091796875 38.42734625400641 78
97 0.3 33.53759765625 6.530241540080085 256.653076171875 22.319091796875 37.59887134069684 87
