0 4 5.971136474609375 18.42483261012366 120.64501953125 0.85107421875 0 0
10 4.6 2.6625605044157608 3.741467606338861 120.64501953125 0.842041015625 5.971136474609375 40
20 3.5 2.204192243303572 1.6318339756135136 120.64501953125 0.842041015625 4.20143304869186 86
30 3.7 2.56226245777027 3.241415602308524 120.64501953125 0.842041015625 3.6237187661415287 121
40 4.3 2.7924975018168605 1.4966745454478114 120.64501953125 0.842041015625 3.375149883801424 158
50 4.4 2.3648515181107954 1.481410888518566 120.64501953125 0.842041015625 3.2505028568097014 201
60 3.9 2.707920172275641 3.615543294305641 120.64501953125 0.842041015625 3.0914471061862243 245
70 3.7 2.033005173141892 1.0678860823474614 120.64501953125 0.842041015625 3.0387796751210385 284
80 4 1.79736328125 1.3126816760074143 120.64501953125 0.842041015625 2.9228492808119158 321
90 3.9 1.9379006410256414 1.5365364344851906 120.64501953125 0.842041015625 2.798141690832756 361
100 8.3 2.3529038027108435 2.939535861340649 120.64501953125 0.842041015625 2.7142681884765625 400
110 8.8 1.7000371759588064 0.691280334950666 120.64501953125 0.842041015625 2.6521703747735508 483
120 8.3 2.4549075207078315 3.5834364344830476 120.64501953125 0.842041015625 2.5054318082311733 571
130 7.6 1.6560251336348684 1.34745949954462 120.64501953125 0.842041015625 2.4990197044629205 654
140 7.4 1.6903373099662162 1.2318421632895817 120.64501953125 0.780029296875 2.411255886130137 730
150 7.8 2.178372896634614 2.2779975279276345 120.64501953125 0.780029296875 2.344902683846393 804
160 8.3 2.176304828689759 1.2714197331877657 120.64501953125 0.780029296875 2.330175559807256 882
170 7.6 5.935158177425987 20.666724328841443 174.905029296875 0.780029296875 2.316941082415803 965
180 7.2 1.9040391710069444 1.3888876958682976 174.905029296875 0.780029296875 2.581095260341619 1041
190 8.2 2.1664592463795738 3.0966459171039404 174.905029296875 0.780029296875 2.5372964836730683 1113
200 0.5 1.3283203125 0.22829764117351953 174.905029296875 0.780029296875 2.5118499117416317 1195
206 0 0 0 174.905029296875 0.780029296875 2.5069185384114583 1200
