0 0.1 12.859361456226523 0 12.859361456226523 12.859361456226523 0 0
10 0.1 3.1609195402298855 0.0 12.859361456226523 3.1609195402298855 12.859361456226523 1
20 0.1 25.769569041336855 0.0 25.769569041336855 3.1609195402298855 8.010140498228203 2
30 0.1 16.818181818181817 0.0 25.769569041336855 3.1609195402298855 13.929950012597752 3
40 0.1 12.995391705069123 0.0 25.769569041336855 3.1609195402298855 14.652007963993768 4
50 0.1 2.47383444338725 0.0 25.769569041336855 2.47383444338725 14.32068471220884 5
60 0.1 2.598652550529355 0.0 25.769569041336855 2.47383444338725 12.34620966740524 6
70 0.1 2.424830261881668 0.0 25.769569041336855 2.424830261881668 10.953701507851543 7
80 0.1 14.098972922502334 0.0 25.769569041336855 2.424830261881668 9.887592602105308 8
90 0.1 13.990610328638498 0.0 25.769569041336855 2.424830261881668 10.355523748816088 9
100 0.1 13.721804511278195 0.0 25.769569041336855 2.424830261881668 10.719032406798329 10
110 0.1 26.525198938992045 0.0 26.525198938992045 2.424830261881668 10.992011689023771 11
120 0.1 4.619826756496631 0.0 26.525198938992045 2.424830261881668 12.28644395985446 12
130 0.1 18.647166361974406 0.0 26.525198938992045 2.424830261881668 11.696704174980779 13
140 0.1 29.965156794425084 0.0 29.965156794425084 2.424830261881668 12.193165759766037 14
150 0.1 29.225352112676056 0.0 29.965156794425084 2.424830261881668 13.377965162076642 15
160 0.1 26.57777777777778 0.0 29.965156794425084 2.424830261881668 14.368426846489106 16
170 0.1 3.4715525554484086 0.0 29.965156794425084 2.424830261881668 15.08662396009432 17
180 0.1 4.134615384615384 0.0 29.965156794425084 2.424830261881668 14.441342215391769 18
190 0.1 15.619223659889094 0.0 29.965156794425084 2.424830261881668 13.898882908508801 19
200 0.1 26.001780943900265 0.0 29.965156794425084 2.424830261881668 13.984899946077814 20
206 0.1 17.399267399267398 0.0 29.965156794425084 2.424830261881668 14.55713237454555 21
