0 0.1 3062.265625 0 3062.265625 3062.265625 0 0
10 0.1 3059.6953125 0.0 3062.265625 3059.6953125 3062.265625 1
20 0.1 3050.62109375 0.0 3062.265625 3050.62109375 3060.98046875 2
30 0.1 3055.91015625 0.0 3062.265625 3050.62109375 3057.52734375 3
40 0.1 3055.7109375 0.0 3062.265625 3050.62109375 3057.123046875 4
50 0.1 3054.9921875 0.0 3062.265625 3050.62109375 3056.840625 5
60 0.1 3054.5703125 0.0 3062.265625 3050.62109375 3056.5325520833335 6
70 0.1 3054.44921875 0.0 3062.265625 3050.62109375 3056.2522321428573 7
80 0.1 3056.91796875 0.0 3062.265625 3050.62109375 3056.02685546875 8
90 0.1 3056.84375 0.0 3062.265625 3050.62109375 3056.1258680555557 9
100 0.1 3056.73828125 0.0 3062.265625 3050.62109375 3056.19765625 10
110 0.1 3052.6953125 0.0 3062.265625 3050.62109375 3056.2468039772725 11
120 0.1 3051.45703125 0.0 3062.265625 3050.62109375 3055.9508463541665 12
130 0.1 3046.18359375 0.0 3062.265625 3046.18359375 3055.605168269231 13
140 0.1 3044.82421875 0.0 3062.265625 3044.82421875 3054.932198660714 14
150 0.1 3050.2578125 0.0 3062.265625 3044.82421875 3054.258333333333 15
160 0.1 3050.265625 0.0 3062.265625 3044.82421875 3054.00830078125 16
170 0.1 3051.83984375 0.0 3062.265625 3044.82421875 3053.788143382353 17
180 0.1 3050.39453125 0.0 3062.265625 3044.82421875 3053.6799045138887 18
190 0.1 3052.1484375 0.0 3062.265625 3044.82421875 3053.5069901315787 19
200 0.1 3051.5859375 0.0 3062.265625 3044.82421875 3053.4390624999996 20
206 0.1 3047.67578125 0.0 3062.265625 3044.82421875 3053.3508184523807 21
