0 0.1 0.12109375 0 0.12109375 0.12109375 0 0
10 0.1 0.1015625 0.0 0.12109375 0.1015625 0.12109375 1
20 0.1 0.16015625 0.0 0.16015625 0.1015625 0.111328125 2
30 0.1 0.2109375 0.0 0.2109375 0.1015625 0.12760416666666666 3
40 0.1 0.171875 0.0 0.2109375 0.1015625 0.1484375 4
50 0.1 0.1484375 0.0 0.2109375 0.1015625 0.153125 5
60 0.1 0.12109375 0.0 0.2109375 0.1015625 0.15234375 6
70 0.1 0.1015625 0.0 0.2109375 0.1015625 0.14787946428571427 7
80 0.1 0.171875 0.0 0.2109375 0.1015625 0.14208984375 8
90 0.1 0.140625 0.0 0.2109375 0.1015625 0.14539930555555555 9
100 0.1 0.12109375 0.0 0.2109375 0.1015625 0.144921875 10
110 0.1 0.171875 0.0 0.2109375 0.1015625 0.14275568181818182 11
120 0.1 0.1484375 0.0 0.2109375 0.1015625 0.14518229166666666 12
130 0.1 0.12109375 0.0 0.2109375 0.1015625 0.14543269230769232 13
140 0.1 0.1015625 0.0 0.2109375 0.1015625 0.14369419642857142 14
150 0.1 0.08984375 0.0 0.2109375 0.08984375 0.14088541666666668 15
160 0.1 0.23046875 0.0 0.23046875 0.08984375 0.1376953125 16
170 0.1 0.19140625 0.0 0.23046875 0.08984375 0.14315257352941177 17
180 0.1 0.16015625 0.0 0.23046875 0.08984375 0.14583333333333334 18
190 0.1 0.140625 0.0 0.23046875 0.08984375 0.14658717105263158 19
200 0.1 0.19921875 0.0 0.23046875 0.08984375 0.1462890625 20
206 0.1 0.171875 0.0 0.23046875 0.08984375 0.1488095238095238 21
