0 7.3 20.42125628745719 23.2833861355239 156.755126953125 1.514892578125 0 0
10 11.9 30.91219349067754 50.54317910822928 310.72509765625 1.514892578125 20.42125628745719 73
20 9.5 24.591719777960527 36.332295421277635 310.72509765625 1.283935546875 26.923451741536468 192
30 9.7 24.535367670747423 32.33029750315988 310.72509765625 1.281005859375 26.151624088087985 287
40 11.9 27.305499934348738 35.51986155254867 310.72509765625 1.281005859375 25.74335098266602 384
50 13.3 31.90189768855733 47.35290584816615 310.72509765625 1.281005859375 26.112924989127738 503
60 10.7 26.92790550160631 38.10330215041828 310.72509765625 1.281005859375 27.323512047341783 636
70 11.3 24.282364836836283 30.581129681980663 310.72509765625 1.281005859375 27.26654044519684 743
80 9.8 22.497394172512763 30.64628553106934 310.72509765625 1.183837890625 26.872601375401576 856
90 10 20.372717285156245 28.372799805934676 310.72509765625 1.152099609375 26.42315661032495 954
100 17.1 26.931582088358912 37.83892573907039 310.72509765625 1.152099609375 25.849111133553723 1054
110 25.1 29.558167719746 41.97660335104694 310.72509765625 1.152099609375 26.00021524234694 1225
120 24.4 31.599736448194175 44.75357159294831 329.82080078125 1.152099609375 26.60526000645748 1476
130 23.1 29.926176525297603 42.73582752932053 329.82080078125 1.152099609375 27.31377875749455 1720
140 21.6 44.57957401982062 64.06508709325222 404.527099609375 1.152099609375 27.623088795609622 1951
150 21.8 105.25104823681194 320.4598727918023 2024.513916015625 1.152099609375 29.31325991163619 2167
160 23.3 29.140135670936157 40.363945471058116 2024.513916015625 1.152099609375 36.25432400173611 2385
170 25.1 37.95534852776396 59.24303648247338 2024.513916015625 1.152099609375 35.621166675121756 2618
180 18.7 25.183033662683822 37.10705153283404 2024.513916015625 1.150146484375 35.82537707770565 2869
190 22.1 24.22437186262726 28.60667659375777 2024.513916015625 1.126953125 35.17416038313462 3056
200 8 22.895956420898436 33.84576182077607 2024.513916015625 1.126953125 34.43570958574917 3277
206 0.1 28.0078125 0.0 2024.513916015625 1.126953125 34.160708020903165 3357
