10 0.1 546 0 546 546 0 0
20 0.1 865.0 0.0 865 546 546.0 1
30 0.1 641.0 0.0 865 546 705.5 2
40 0.1 649.0 0.0 865 546 684.0 3
50 0.1 703.0 0.0 865 546 675.25 4
60 0.1 719.0 0.0 865 546 680.8 5
70 0.1 614.0 0.0 865 546 687.1666666666666 6
80 0.1 680.0 0.0 865 546 676.7142857142857 7
90 0.1 639.0 0.0 865 546 677.125 8
100 0.1 696.0 0.0 865 546 672.8888888888889 9
110 0.1 1318.0 0.0 1318 546 675.2 10
120 0.1 1508.0 0.0 1508 546 733.6363636363636 11
130 0.1 1403.0 0.0 1508 546 798.1666666666666 12
140 0.1 1420.0 0.0 1508 546 844.6923076923077 13
150 0.1 1413.0 0.0 1508 546 885.7857142857143 14
160 0.1 1522.0 0.0 1522 546 920.9333333333333 15
170 0.1 1370.0 0.0 1522 546 958.5 16
180 0.1 1236.0 0.0 1522 546 982.7058823529412 17
190 0.1 1301.0 0.0 1522 546 996.7777777777778 18
200 0.1 1.2e3 0.0 1522 546 1012.7894736842105 19
206 0.1 198.0 0.0 1522 198 1022.15 20
