10 0.1 551 0 551 551 0 0
20 0.1 1077.0 0.0 1077 551 551.0 1
30 0.1 799.0 0.0 1077 551 814.0 2
40 0.1 725.0 0.0 1077 551 809.0 3
50 0.1 717.0 0.0 1077 551 788.0 4
60 0.1 712.0 0.0 1077 551 773.8 5
70 0.1 621.0 0.0 1077 551 763.5 6
80 0.1 778.0 0.0 1077 551 743.1428571428571 7
90 0.1 735.0 0.0 1077 551 747.5 8
100 0.1 824.0 0.0 1077 551 746.1111111111111 9
110 0.1 1493.0 0.0 1493 551 753.9 10
120 0.1 1533.0 0.0 1533 551 821.0909090909091 11
130 0.1 1508.0 0.0 1533 551 880.4166666666666 12
140 0.1 1516.0 0.0 1533 551 928.6923076923077 13
150 0.1 1624.0 0.0 1624 551 970.6428571428571 14
160 0.1 1659.0 0.0 1659 551 1014.2 15
170 0.1 1405.0 0.0 1659 551 1054.5 16
180 0.1 1203.0 0.0 1659 551 1075.1176470588234 17
190 0.1 1368.0 0.0 1659 551 1082.2222222222222 18
200 0.1 1372.0 0.0 1659 551 1097.2631578947369 19
206 0.1 280.0 0.0 1659 280 1111.0 20
