0 2.4 2573.3012695312505 1707.4011375760006 6917.4150390625 18.27880859375 0 0
10 4.7 3712.6721814744014 3218.091930499536 11723.427978515625 13.839111328125 2573.3012695312505 24
20 3.2 4631.875427246094 3555.396393737772 11967.85986328125 13.839111328125 3327.5327182823503 71
30 3.4 5219.4394746668195 3620.7547560229814 12863.032958984375 13.839111328125 3732.7654045623485 103
40 4.3 4417.345527116642 3604.979195951033 13677.085205078125 13.839111328125 4101.721013201414 137
50 4.8 3929.7612304687486 3661.707292488766 13677.085205078125 13.839111328125 4177.120202636719 180
60 3.5 5371.697453962053 3800.249695463342 13677.085205078125 13.839111328125 4125.044629548725 228
70 4.4 4750.37726384943 3708.1396735282087 13945.517822265625 13.839111328125 4290.948997816658 263
80 4 4015.552130126953 3857.6772169201327 13945.517822265625 13.839111328125 4356.795394251323 307
90 4.2 3422.97900390625 3194.6545578034766 13945.517822265625 13.839111328125 4317.458994928629 347
100 5.1 3804.352658739277 3363.871146505328 13945.517822265625 13.839111328125 4220.882749111303 389
110 9.1 4288.727182241588 3127.243292770228 13945.517822265625 13.2919921875 4172.603125000001 440
120 7.9 4871.515124357199 3644.376672145293 13945.517822265625 13.2919921875 4192.5038579736065 531
130 8.2 4845.086259051066 3881.3856495592154 13945.517822265625 13.2919921875 4280.441382636399 610
140 7.6 5344.531497353001 4215.9484356652765 13945.517822265625 13.2919921875 4347.350168569928 692
150 7.9 4497.0432654272145 4000.526605487554 14336.48095703125 13.2919921875 4446.02957089742 768
160 7.6 5155.613525390623 3722.0867206828716 14336.48095703125 13.14111328125 4450.787636857106 847
170 8.9 5153.693921721382 3304.300185222734 14336.48095703125 13.14111328125 4508.823137971459 923
180 6.5 4497.476506159856 4394.054219733842 14336.48095703125 13.14111328125 4565.536082392154 1012
190 8.3 4789.944741858058 3290.8837188409375 14336.48095703125 13.14111328125 4561.428494225859 1077
200 3.9 6722.534010667067 2560.301519440397 14336.48095703125 13.14111328125 4577.779225737473 1160
206 0.1 12404.90087890625 0.0 14336.48095703125 13.14111328125 4647.541891802739 1199
