0 334.35390625 334.35390625
10 452.275 786.62890625
20 379.1828125 1165.81171875
30 392.29921875 1558.1109375
40 507.7765625 2065.8875
50 511.54296875 2577.43046875
60 439.42421875 3016.8546875
70 433.871875 3450.7265625
80 381.36015625 3832.08671875
90 420.14765625 4252.234375
100 707.72890625 4959.96328125
110 1011.4796875 5971.44296875
120 961.96953125 6933.4125
130 892.7359375 7826.1484375
140 879.75859375 8705.90703125
150 867.51328125 9573.4203125
160 979.3109375 10552.73125
170 980.41875 11533.15
180 759.31328125 12292.46328125
190 979.7328125 13272.19609375
200 320.896875 13593.09296875
206 10.353125 13603.44609375
