0 21.31953125 21.31953125
10 43.053125 64.37265625
20 35.40859375 99.78125
30 34.0734375 133.8546875
40 43.83046875 177.68515625
50 54.04296875 231.728125
60 38.77421875 270.50234375
70 42.1734375 312.67578125
80 35.675 348.35078125
90 35.0859375 383.43671875
100 55.3296875 438.76640625
110 93.69765625 532.4640625
120 92.996875 625.4609375
130 90.75 716.2109375
140 84.2640625 800.475
150 81.034375 881.509375
160 86.79765625 968.30703125
170 98.69375 1067.00078125
180 69.91015625 1136.9109375
190 79.5203125 1216.43125
200 36.22421875 1252.65546875
206 0.62734375 1253.2828125
