0 0.7 21.5537109375 48.97686298192039 141.52001953125 1.171875 0 0
10 1 1.5280029296875 0.2747633273213286 141.52001953125 1.161865234375 21.5537109375 7
20 0.7 1.5288434709821428 0.2516296753496528 141.52001953125 1.161865234375 9.773882697610293 17
30 0.6 1.5054117838541667 0.22303122090465416 141.52001953125 1.161865234375 7.36907958984375 24
40 1 1.60009765625 0.29651107567336965 141.52001953125 1.161865234375 6.196346028645833 30
50 1 1.7871337890625 0.5795056991107654 141.52001953125 1.161865234375 5.047283935546875 40
60 1.5 2.2822916666666666 2.4665861126273074 141.52001953125 1.158935546875 4.39525390625 50
70 1.3 2.103327824519231 1.9887227815075927 141.52001953125 1.126953125 3.907647235576923 65
80 1.1 1.5785688920454546 0.22617001916958182 141.52001953125 1.126953125 3.6069273337339745 78
90 0.9 1.6794704861111112 0.5486933972419795 141.52001953125 1.028076171875 3.356231346558989 89
97 0.2 1.4996337890625 0.1834716796875 141.52001953125 1.028076171875 3.2022431042729593 98
