0 0.1 9.971964800249202 0 9.971964800249202 9.971964800249202 0 0
10 0.1 1.9723865877712032 0.0 9.971964800249202 1.9723865877712032 9.971964800249202 1
20 0.1 1.2858555885262115 0.0 9.971964800249202 1.2858555885262115 5.972175694010202 2
30 0.1 1.0869565217391304 0.0 9.971964800249202 1.0869565217391304 4.410068992182205 3
40 0.1 0.891089108910891 0.0 9.971964800249202 0.891089108910891 3.5792908745714365 4
50 0.1 1.0869565217391304 0.0 9.971964800249202 0.891089108910891 3.0416505214393275 5
60 0.1 0.9891196834817012 0.0 9.971964800249202 0.891089108910891 2.715868188155961 6
70 0.1 1.188118811881188 0.0 9.971964800249202 0.891089108910891 2.4691898303453526 7
80 0.1 0.9900990099009901 0.0 9.971964800249202 0.891089108910891 2.309055953037332 8
90 0.1 1.185770750988142 0.0 9.971964800249202 0.891089108910891 2.1625051815777385 9
97 0.1 0.8919722497522299 0.0 9.971964800249202 0.891089108910891 2.064831738518779 10
