0 0.1 3057.81640625 0 3057.81640625 3057.81640625 0 0
10 0.1 3057.5859375 0.0 3057.81640625 3057.5859375 3057.81640625 1
20 0.1 3057.06640625 0.0 3057.81640625 3057.06640625 3057.701171875 2
30 0.1 3056.7421875 0.0 3057.81640625 3056.7421875 3057.4895833333335 3
40 0.1 3056.62890625 0.0 3057.81640625 3056.62890625 3057.302734375 4
50 0.1 3056.671875 0.0 3057.81640625 3056.62890625 3057.16796875 5
60 0.1 3056.6640625 0.0 3057.81640625 3056.62890625 3057.0852864583335 6
70 0.1 3056.6875 0.0 3057.81640625 3056.62890625 3057.0251116071427 7
80 0.1 3056.6953125 0.0 3057.81640625 3056.62890625 3056.98291015625 8
90 0.1 3056.70703125 0.0 3057.81640625 3056.62890625 3056.9509548611113 9
97 0.1 3056.71484375 0.0 3057.81640625 3056.62890625 3056.9265625 10
