0 0.1 0.3984375 0 0.3984375 0.3984375 0 0
10 0.1 0.33984375 0.0 0.3984375 0.33984375 0.3984375 1
20 0.1 0.2890625 0.0 0.3984375 0.2890625 0.369140625 2
30 0.1 0.23828125 0.0 0.3984375 0.23828125 0.3424479166666667 3
40 0.1 0.19921875 0.0 0.3984375 0.19921875 0.31640625 4
50 0.1 0.171875 0.0 0.3984375 0.171875 0.29296875 5
60 0.1 0.140625 0.0 0.3984375 0.140625 0.2727864583333333 6
70 0.1 0.12109375 0.0 0.3984375 0.12109375 0.25390625 7
80 0.1 0.1015625 0.0 0.3984375 0.1015625 0.2373046875 8
90 0.1 0.08984375 0.0 0.3984375 0.08984375 0.2222222222222222 9
97 0.1 0.0703125 0.0 0.3984375 0.0703125 0.208984375 10
