0 2.1 143.91942196800596 178.30094543731673 643.22119140625 10.52294921875 0 0
10 3 164.68865559895832 205.07455478975032 643.22119140625 10.52294921875 143.91942196800596 21
20 2.1 245.53530738467262 292.93703801064487 954.803955078125 10.52294921875 156.13661822150735 51
30 1.8 194.89507378472223 188.01201923118515 954.803955078125 10.52294921875 182.21123589409723 72
40 2.8 158.01740373883922 197.10629030987522 954.803955078125 10.52294921875 184.74800347222222 90
50 2.7 313.60791015625 500.44236644175993 2067.573974609375 10.52294921875 178.40514929819915 118
60 4.5 218.7047634548611 287.6679401968813 2067.573974609375 10.52294921875 203.58083580280172 145
70 4.2 174.52274576822913 208.45874397921554 2067.573974609375 10.52294921875 207.16281866776316 190
80 3.5 172.09201311383927 231.20406827397338 2067.573974609375 10.52294921875 201.25383995319234 232
90 1.9 191.09017783717104 197.1648150231744 2067.573974609375 10.52294921875 197.43112856975657 267
97 1.4 329.7284633091518 425.4792314891053 2067.573974609375 10.52294921875 197.00987659801137 286
