0 2.8 107.92577253069196 132.22870487623553 327.343994140625 10.52294921875 0 0
10 4 123.50396118164062 178.41296911529315 613.845947265625 10.52294921875 107.92577253069196 28
20 2.8 184.1398664202009 217.38662578565524 660.641845703125 10.52294921875 117.08941291360294 68
30 2.4 146.15705362955728 170.3245475258865 660.641845703125 10.52294921875 136.6457951863607 96
40 3.7 119.56620169974663 171.39139357476944 660.641845703125 10.52294921875 138.548046875 120
50 3.7 238.49244483741555 426.82760264584266 2030.3740234375 10.52294921875 134.0746183942078 157
60 5.9 160.7381488347458 194.43719631254422 2030.3740234375 10.52294921875 153.98935848904637 194
70 5.6 130.87656947544644 173.58030583968858 2030.3740234375 10.52294921875 155.56318706768775 253
80 4.7 128.13917573969414 154.2152131105056 2030.3740234375 10.52294921875 151.0892369538835 309
90 2.5 183.368369140625 236.4502010846617 2030.3740234375 10.52294921875 148.05931314189783 356
97 1.9 192.74280427631578 285.2581716560876 2030.3740234375 10.52294921875 150.37618033341536 381
