0 0.7 434.39017159598217 125.31025164417608 714.676025390625 353.02001953125 0 0
10 1 496.3993896484375 139.602006744452 714.676025390625 351.22900390625 434.39017159598217 7
20 0.7 738.9417201450893 231.05474243140247 1038.364013671875 351.22900390625 470.86618221507354 17
30 0.6 587.0396728515625 251.89336188630247 1038.364013671875 348.8740234375 549.0548807779948 24
40 0.9 491.6491970486111 225.45840038560598 1038.364013671875 348.26611328125 556.6518391927083 30
50 1.1 903.0925071022727 704.67161876958 2366.93798828125 348.26611328125 541.6512294671475 39
60 1.5 661.0587076822917 357.02691526271946 2366.93798828125 348.26611328125 621.168310546875 50
70 1.3 480.14759239783655 140.21289022961076 2366.93798828125 348.26611328125 630.3737868088942 65
80 1.1 518.8523837002841 219.58772068873876 2366.93798828125 348.26611328125 605.3360877403846 78
90 0.6 647.9805094401041 357.4895454396256 2366.93798828125 348.26611328125 594.6470906118328 89
97 0.5 876.970361328125 450.6267835133795 2366.93798828125 348.26611328125 598.0155170641447 95
