0 3 6.629475911458333 24.46900544472375 137.700927734375 1.06298828125 0 0
10 4.3 1.7003997093023255 0.7340858998975544 137.700927734375 1.05517578125 6.629475911458333 30
20 4.8 1.4338277180989587 0.27997905480404384 137.700927734375 0.866943359375 3.7260474636130136 73
30 3.5 1.4175711495535714 0.33830838995104756 137.700927734375 0.866943359375 2.8167371513429753 121
40 4.1 1.4432045541158536 0.2912757486837933 137.700927734375 0.866943359375 2.5028217022235575 156
50 4.1 1.4640458269817074 0.3425054032736323 137.700927734375 0.866943359375 2.2822922450031724 197
60 5.1 3.1433296951593137 6.924848448935205 137.700927734375 0.866943359375 2.141333828453256 238
70 3.3 1.4720865885416667 0.3745272462901502 137.700927734375 0.866943359375 2.3181566284602075 289
80 5.3 1.4114598688089623 0.2982250075646065 137.700927734375 0.866943359375 2.2314475871020965 322
90 2.5 1.928203125 1.8795921674670326 137.700927734375 0.80810546875 2.1155559895833336 375
100 7.9 1.3642269086234178 0.41969425542958955 137.700927734375 0.799072265625 2.1038464355468753 400
110 8.4 1.3880382719494044 0.3513915703415796 137.700927734375 0.7900390625 1.981863256784969 479
120 7.1 2.6165204115316896 7.075618158711986 137.700927734375 0.7900390625 1.8932641471469804 563
130 7.9 1.8195120895965189 2.0206293104239 137.700927734375 0.7900390625 1.9742597224960567 634
140 8.7 1.5022870644755744 0.7289765372687627 137.700927734375 0.776123046875 1.9571137715857294 713
150 8.1 1.5755539882330245 1.0741613103998806 137.700927734375 0.776123046875 1.9076513671875 800
160 7.6 1.5085192228618418 0.9498240128395372 137.700927734375 0.776123046875 1.8771180099851021 881
170 7.2 1.5081380208333335 0.4805184832215769 137.700927734375 0.776123046875 1.8478457970056166 957
180 7.6 1.8487805818256586 2.5895168110130578 137.700927734375 0.776123046875 1.8240761566903547 1029
190 7.4 2.002758129222973 2.8659887407776736 137.700927734375 0.776123046875 1.8257752845729638 1105
200 0.7 1.844482421875 1.2144037027096317 137.700927734375 0.776123046875 1.8368836225747456 1179
201 0 0 0 137.700927734375 0.776123046875 1.8369284721490304 1186
