0 0.1 1.726566728523931 0 1.726566728523931 1.726566728523931 0 0
10 0.1 2.65748031496063 0.0 2.65748031496063 1.726566728523931 1.726566728523931 1
20 0.1 1.787487586891758 0.0 2.65748031496063 1.726566728523931 2.1920235217422803 2
30 0.1 1.9782393669634024 0.0 2.65748031496063 1.726566728523931 2.0571782101254397 3
40 0.1 1.7786561264822136 0.0 2.65748031496063 1.726566728523931 2.0374434993349304 4
50 0.1 1.7839444995044598 0.0 2.65748031496063 1.726566728523931 1.9856860247643868 5
60 0.1 2.073050345508391 0.0 2.65748031496063 1.726566728523931 1.9520624372210655 6
70 0.1 1.8793273986152326 0.0 2.65748031496063 1.726566728523931 1.969346424119255 7
80 0.1 2.171767028627838 0.0 2.65748031496063 1.726566728523931 1.9580940459312524 8
90 0.1 2.272727272727273 0.0 2.65748031496063 1.726566728523931 1.9818354884530953 9
100 0.1 1.4851485148514851 0.0 2.65748031496063 1.4851485148514851 2.010924666880513 10
110 0.1 2.8656126482213438 0.0 2.8656126482213438 1.4851485148514851 1.963126834877874 11
120 0.1 2.868447082096934 0.0 2.868447082096934 1.4851485148514851 2.03833398598983 12
130 0.1 2.868447082096934 0.0 2.868447082096934 1.4851485148514851 2.1021888395365305 13
140 0.1 2.967359050445104 0.0 2.967359050445104 1.4851485148514851 2.1569215711479877 14
150 0.1 2.876984126984127 0.0 2.967359050445104 1.4851485148514851 2.210950736434462 15
160 0.1 3.933136676499508 0.0 3.933136676499508 1.4851485148514851 2.252577823343816 16
170 0.1 3.155818540433925 0.0 3.933136676499508 1.4851485148514851 2.351434226470621 17
180 0.1 2.967359050445104 0.0 3.933136676499508 1.4851485148514851 2.396122243913027 18
190 0.1 3.1589338598223096 0.0 3.933136676499508 1.4851485148514851 2.4261873389936626 19
200 0.1 2.6706231454005933 0.0 3.933136676499508 1.4851485148514851 2.462824665035095 20
