0 0.1 3063.5546875 0 3063.5546875 3063.5546875 0 0
10 0.1 3062.9609375 0.0 3063.5546875 3062.9609375 3063.5546875 1
20 0.1 3061.6484375 0.0 3063.5546875 3061.6484375 3063.2578125 2
30 0.1 3061.3984375 0.0 3063.5546875 3061.3984375 3062.7213541666665 3
40 0.1 3061.2734375 0.0 3063.5546875 3061.2734375 3062.390625 4
50 0.1 3061.296875 0.0 3063.5546875 3061.2734375 3062.1671875 5
60 0.1 3061.296875 0.0 3063.5546875 3061.2734375 3062.0221354166665 6
70 0.1 3061.13671875 0.0 3063.5546875 3061.13671875 3061.918526785714 7
80 0.1 3061.1640625 0.0 3063.5546875 3061.13671875 3061.82080078125 8
90 0.1 3060.8828125 0.0 3063.5546875 3060.8828125 3061.7478298611113 9
100 0.1 3060.765625 0.0 3063.5546875 3060.765625 3061.661328125 10
110 0.1 3060.24609375 0.0 3063.5546875 3060.24609375 3061.579900568182 11
120 0.1 3059.84375 0.0 3063.5546875 3059.84375 3061.46875 12
130 0.1 3059.69921875 0.0 3063.5546875 3059.69921875 3061.34375 13
140 0.1 3058.32421875 0.0 3063.5546875 3058.32421875 3061.2262834821427 14
150 0.1 3058.33984375 0.0 3063.5546875 3058.32421875 3061.0328125 15
160 0.1 3057.4453125 0.0 3063.5546875 3057.4453125 3060.864501953125 16
170 0.1 3057.30859375 0.0 3063.5546875 3057.30859375 3060.663373161765 17
180 0.1 3057.30078125 0.0 3063.5546875 3057.30078125 3060.476996527778 18
190 0.1 3057.34375 0.0 3063.5546875 3057.30078125 3060.3098273026317 19
200 0.1 3057.328125 0.0 3063.5546875 3057.30078125 3060.1615234375 20
