0 0.1 0.0 0 0.0 0.0 0 0
10 0.1 0.0 0.0 0.0 0.0 0.0 1
20 0.1 0.0 0.0 0.0 0.0 0.0 2
30 0.1 0.078125 0.0 0.078125 0.0 0.0 3
40 0.1 0.0703125 0.0 0.078125 0.0 0.01953125 4
50 0.1 0.05859375 0.0 0.078125 0.0 0.0296875 5
60 0.1 0.05078125 0.0 0.078125 0.0 0.034505208333333336 6
70 0.1 0.0390625 0.0 0.078125 0.0 0.036830357142857144 7
80 0.1 0.03125 0.0 0.078125 0.0 0.037109375 8
90 0.1 0.03125 0.0 0.078125 0.0 0.036458333333333336 9
100 0.1 0.1015625 0.0 0.1015625 0.0 0.0359375 10
110 0.1 0.078125 0.0 0.1015625 0.0 0.04190340909090909 11
120 0.1 0.0703125 0.0 0.1015625 0.0 0.044921875 12
130 0.1 0.05859375 0.0 0.1015625 0.0 0.046875 13
140 0.1 0.05078125 0.0 0.1015625 0.0 0.04771205357142857 14
150 0.1 0.0390625 0.0 0.1015625 0.0 0.04791666666666667 15
160 0.1 0.0390625 0.0 0.1015625 0.0 0.04736328125 16
170 0.1 0.03125 0.0 0.1015625 0.0 0.046875 17
180 0.1 0.01953125 0.0 0.1015625 0.0 0.04600694444444445 18
190 0.1 0.01953125 0.0 0.1015625 0.0 0.04461348684210526 19
200 0.1 0.01953125 0.0 0.1015625 0.0 0.043359375 20
