0 4.1 23.2959579839939 26.02194388768858 153.159912109375 10.787109375 0 0
10 7.1 19.997238803917252 20.834237455254335 153.159912109375 10.716064453125 23.2959579839939 41
20 8.3 16.46364657850151 6.653803728231568 153.159912109375 10.121826171875 21.204805646623885 112
30 6.5 14.800721153846155 5.844101840549553 153.159912109375 9.734130859375 19.18677383814103 195
40 7.4 19.05871252111486 14.390206078150804 153.159912109375 9.734130859375 18.09026066706731 260
50 7 14.222014508928572 3.8222852668218947 153.159912109375 9.734130859375 18.304827844311376 334
60 8.1 20.82089120370371 16.447387259333304 153.159912109375 9.31005859375 17.59740969214109 404
70 6.6 14.760716293797348 8.30819577099866 153.159912109375 9.097900390625 18.135764336340205 485
80 9.3 15.266856203797044 5.837650533332562 153.159912109375 9.097900390625 17.73149360892128 551
90 5.7 14.447603995339913 4.310194631527489 153.159912109375 9.097900390625 17.375575474330358 644
100 11.3 17.840684198700213 11.097644913686265 153.159912109375 9.097900390625 17.13749505449804 701
110 13.3 17.113073822250943 7.58628972886839 153.159912109375 9.097900390625 17.235112220707922 814
120 12 24.475533040364585 47.46212882075185 503.7119140625 9.097900390625 17.21797272018545 947
130 13.7 19.77388123004106 11.764828199319792 503.7119140625 9.097900390625 18.034193187309626 1067
140 15.3 17.697350196589056 9.417395433728172 503.7119140625 9.097900390625 18.232147723733387 1204
150 15 18.119541015625003 15.403726119891996 503.7119140625 9.097900390625 18.171849992227802 1357
160 13.8 18.53917749377264 19.75435024948137 503.7119140625 9.097900390625 18.166643392035088 1507
170 13.4 16.878182937849825 9.227447877859653 503.7119140625 9.041015625 18.197895492971128 1645
180 13.1 17.524389834804385 10.140840902228804 503.7119140625 9.041015625 18.098490500061484 1779
190 13.8 19.003455120584253 12.396455273326401 503.7119140625 8.884033203125 18.059115009407723 1910
200 4.3 15.337657839752907 7.912145396034044 503.7119140625 8.884033203125 18.12274730205536 2048
201 0 0 0 503.7119140625 8.884033203125 18.065473821960186 2091
