10 0.1 331 0 331 331 0 0
20 0.1 456.0 0.0 456 331 331.0 1
30 0.1 530.0 0.0 530 331 393.5 2
40 0.1 392.0 0.0 530 331 439.0 3
50 0.1 483.0 0.0 530 331 427.25 4
60 0.1 495.0 0.0 530 331 438.4 5
70 0.1 524.0 0.0 530 331 447.8333333333333 6
80 0.1 443.0 0.0 530 331 458.7142857142857 7
90 0.1 607.0 0.0 607 331 456.75 8
100 0.1 348.0 0.0 607 331 473.44444444444446 9
110 0.1 863.0 0.0 863 331 460.9 10
120 0.1 918.0 0.0 918 331 497.45454545454544 11
130 0.1 862.0 0.0 918 331 532.5 12
140 0.1 943.0 0.0 943 331 557.8461538461538 13
150 0.1 976.0 0.0 976 331 585.3571428571429 14
160 0.1 926.0 0.0 976 331 611.4 15
170 0.1 853.0 0.0 976 331 631.0625 16
180 0.1 821.0 0.0 976 331 644.1176470588235 17
190 0.1 826.0 0.0 976 331 653.9444444444445 18
200 0.1 744.0 0.0 976 331 663.0 19
