10 0.1 383 0 383 383 0 0
20 0.1 543.0 0.0 543 383 383.0 1
30 0.1 627.0 0.0 627 383 463.0 2
40 0.1 472.0 0.0 627 383 517.6666666666666 3
50 0.1 575.0 0.0 627 383 506.25 4
60 0.1 571.0 0.0 627 383 520.0 5
70 0.1 608.0 0.0 627 383 528.5 6
80 0.1 513.0 0.0 627 383 539.8571428571429 7
90 0.1 711.0 0.0 711 383 536.5 8
100 0.1 415.0 0.0 711 383 555.8888888888889 9
110 0.1 995.0 0.0 995 383 541.8 10
120 0.1 1074.0 0.0 1074 383 583.0 11
130 0.1 979.0 0.0 1074 383 623.9166666666666 12
140 0.1 1079.0 0.0 1079 383 651.2307692307693 13
150 0.1 1120.0 0.0 1120 383 681.7857142857143 14
160 0.1 1111.0 0.0 1120 383 711.0 15
170 0.1 1016.0 0.0 1120 383 736.0 16
180 0.1 945.0 0.0 1120 383 752.4705882352941 17
190 0.1 955.0 0.0 1120 383 763.1666666666666 18
200 0.1 895.0 0.0 1120 383 773.2631578947369 19
