0 2.4 1991.7212931315105 2343.7661773304426 7360.653076171875 13.879150390625 0 0
10 3.6 3356.390618218316 2400.120785616348 7916.02099609375 13.879150390625 1991.7212931315105 24
20 4.9 2971.761449697067 2598.133140557615 9545.240966796875 13.879150390625 2810.5228881835938 60
30 3.7 3252.562843116554 2463.8374932778925 9545.240966796875 13.879150390625 2883.00627822176 109
40 3.9 3311.075439453125 2449.6295272738275 9545.240966796875 13.26904296875 2976.661024119756 146
50 4.1 2708.469131097561 2486.462625742236 9545.240966796875 13.26904296875 3047.1591981630067 185
60 4.8 2522.5194193522134 2380.8860119532014 9545.240966796875 13.26904296875 2985.71542493432 226
70 3.5 3941.846993582589 2429.7867738084205 9545.240966796875 13.26904296875 2904.5715991389143 274
80 5.2 3180.4905630258413 2739.215653745153 9545.240966796875 13.1162109375 3022.062339609881 309
90 3.6 3702.6656494140625 3072.3826106691386 9545.240966796875 13.1162109375 3044.8830255312932 361
100 6.6 2340.144187233665 2488.582595029324 9545.240966796875 13.1162109375 3104.53082014031 397
110 8.2 2196.0860744569363 2286.3130120445967 9545.240966796875 13.1162109375 2995.5685787324514 463
120 6.8 3008.3842629825367 2668.2620694873244 9545.240966796875 13.1162109375 2875.27946799742 545
130 8.1 3025.2223578559033 2778.210658738935 9545.240966796875 13.114990234375 2890.0447633628164 613
140 7.6 3448.893355520148 2831.5662933286103 9599.8388671875 12.78515625 2905.821975400194 694
150 8.1 3519.5071433738426 2438.0214285864477 9599.8388671875 12.78515625 2959.4238259055396 770
160 8 3273.894787597656 2716.838605806991 9599.8388671875 12.78515625 3012.7337538901843 851
170 6.9 3657.2658868319745 2779.705680846681 9599.8388671875 12.78515625 3035.175088687819 931
180 8 3276.230941772461 2919.457347156962 9599.8388671875 12.78515625 3078.0993537597656 1000
190 7.5 3240.630107421875 2755.7545879938248 9599.8388671875 12.78515625 3092.7757676866318 1080
200 3.1 5384.388096963205 2476.411569027548 9599.8388671875 12.78515625 3102.3766988382713 1155
201 0 0 0 9599.8388671875 12.78515625 3162.024551571722 1186
