0 157.953125 157.953125
10 256.7765625 414.7296875
20 299.89921875 714.62890625
30 224.1390625 938.76796875
40 263.61171875 1202.3796875
50 247.8234375 1450.203125
60 290.19609375 1740.39921875
70 221.7171875 1962.11640625
80 337.3453125 2299.46171875
90 197.26484375 2496.7265625
100 419.209375 2915.9359375
110 478.25703125 3394.19296875
120 426.84609375 3821.0390625
130 502.11875 4323.1578125
140 542.99375 4866.1515625
150 534.48828125 5400.63984375
160 495.08125 5895.72109375
170 479.0875 6374.80859375
180 470.58203125 6845.390625
190 515.29140625 7360.68203125
200 126.4203125 7487.10234375
201 0 7487.10234375
