0 8.9640625 8.9640625
10 17.83359375 26.79765625
20 21.653125 48.45078125
30 17.47109375 65.921875
40 19.79609375 85.71796875
50 18.16328125 103.88125
60 20.28828125 124.16953125
70 18.38515625 142.5546875
80 24.21875 166.7734375
90 16.99765625 183.77109375
100 25.66328125 209.434375
110 32.7453125 242.1796875
120 31.02734375 273.20703125
130 35.86640625 309.0734375
140 40.77734375 349.85078125
150 41.09765625 390.9484375
160 37.28203125 428.23046875
170 36.02265625 464.253125
180 33.9953125 498.2484375
190 37.34375 535.5921875
200 15.73125 551.3234375
201 0 551.3234375
